603.157	31
603.648	8
604.139	18
604.629	15
605.12	14
605.61	22
606.1	22
606.591	11
607.081	17
607.572	17
608.062	20
608.552	21
609.043	17
609.533	15
610.023	17
610.513	17
611.003	25
611.492	21
611.982	22
612.472	17
612.962	15
613.452	18
613.942	26
614.432	14
614.922	19
615.412	17
615.902	18
616.392	14
616.879	10
617.369	22
617.859	21
618.349	20
618.839	17
619.328	17
619.818	18
620.308	22
620.795	18
621.285	25
621.775	22
622.264	26
622.754	22
623.243	18
623.731	22
624.22	10
624.71	17
625.199	17
625.688	17
626.176	21
626.665	25
627.154	22
627.644	9
628.131	20
628.62	18
629.109	25
629.598	15
630.086	15
630.575	16
631.064	19
631.553	17
632.04	17
632.529	16
633.018	19
633.505	16
633.994	20
634.483	20
634.972	19
635.458	17
635.947	29
636.436	17
636.923	18
637.412	11
637.9	19
638.387	20
638.876	15
639.364	20
639.851	21
640.339	18
640.826	17
641.315	18
641.803	20
642.29	20
642.778	19
643.264	23
643.753	20
644.241	16
644.728	17
645.216	17
645.702	17
646.19	19
646.677	25
647.165	17
647.653	20
648.139	19
648.628	20
649.114	17
649.602	23
650.088	14
650.576	22
651.062	15
651.55	17
652.036	20
652.524	17
653.01	18
653.497	18
653.983	19
654.471	18
654.957	25
655.445	20
655.931	20
656.418	19
656.904	18
657.39	19
657.877	13
658.363	15
658.85	22
659.336	17
659.824	16
660.309	15
660.795	22
661.282	22
661.768	24
662.255	18
662.74	21
663.226	18
663.713	16
664.198	22
664.684	15
665.171	15
665.656	21
666.143	23
666.628	20
667.114	21
667.601	22
668.086	13
668.571	19
669.058	22
669.543	18
670.028	15
670.513	24
671	20
671.485	14
671.97	14
672.457	25
672.941	19
673.426	17
673.911	15
674.398	11
674.882	27
675.367	24
675.852	7
676.339	25
676.823	12
677.308	20
677.792	16
678.277	14
678.763	21
679.248	21
679.732	13
680.217	20
680.701	17
681.188	23
681.672	18
682.156	16
682.641	24
683.125	23
683.609	18
684.095	18
684.58	13
685.064	16
685.548	19
686.032	25
686.516	17
687	12
687.484	18
687.97	20
688.454	14
688.938	22
689.422	11
689.906	23
690.39	25
690.874	16
691.358	24
691.842	22
692.326	21
692.809	15
693.293	18
693.777	21
694.261	15
694.744	23
695.228	16
695.714	12
696.197	17
696.681	12
697.164	21
697.648	20
698.131	19
698.613	16
699.096	14
699.579	17
700.063	24
700.546	13
701.03	14
701.513	16
701.996	14
702.479	20
702.963	21
703.446	13
703.929	23
704.412	26
704.895	19
705.378	20
705.862	16
706.345	20
706.826	13
707.309	19
707.792	18
708.275	25
708.757	15
709.24	20
709.723	22
710.206	18
710.687	25
711.17	14
711.652	23
712.135	13
712.618	20
713.101	15
713.581	15
714.064	19
714.547	23
715.029	17
715.512	22
715.992	21
716.475	17
716.957	19
717.44	29
717.92	24
718.402	20
718.885	19
719.367	17
719.848	15
720.33	22
720.812	16
721.294	24
721.775	16
722.257	19
722.739	13
723.219	22
723.701	23
724.183	19
724.665	24
725.146	20
725.628	17
726.11	18
726.59	23
727.071	18
727.553	20
728.033	19
728.515	11
728.997	17
729.477	19
729.959	24
730.438	23
730.92	15
731.402	25
731.882	19
732.363	20
732.843	14
733.324	20
733.806	25
734.286	21
734.767	15
735.247	17
735.728	16
736.21	16
736.689	23
737.17	20
737.65	14
738.131	20
738.611	16
739.092	19
739.571	23
740.052	23
740.532	19
741.013	20
741.492	23
741.973	19
742.452	20
742.933	20
743.412	21
743.893	19
744.373	23
744.854	19
745.333	19
745.813	21
746.292	20
746.771	20
747.252	20
747.731	22
748.212	26
748.691	25
749.171	25
749.65	24
750.129	17
750.61	22
751.088	18
751.567	23
752.048	18
752.526	18
753.007	19
753.485	28
753.964	17
754.444	20
754.923	9
755.401	24
755.882	17
756.36	22
756.838	19
757.319	15
757.797	17
758.275	25
758.756	24
759.234	15
759.712	18
760.19	20
760.67	22
761.148	16
761.627	18
762.107	17
762.585	19
763.063	20
763.541	12
764.019	25
764.499	16
764.977	20
765.455	22
765.932	13
766.412	17
766.89	30
767.368	20
767.846	22
768.324	13
768.803	18
769.281	21
769.759	23
770.236	15
770.714	24
771.192	23
771.671	16
772.149	18
772.626	16
773.104	24
773.581	18
774.059	16
774.536	17
775.014	24
775.493	21
775.97	19
776.448	29
776.925	16
777.402	20
777.879	24
778.357	18
778.834	20
779.311	20
779.788	21
780.265	18
780.742	21
781.22	18
781.697	19
782.174	24
782.651	14
783.13	21
783.607	16
784.083	16
784.56	17
785.037	17
785.514	12
785.989	19
786.466	20
786.943	23
787.419	24
787.896	24
788.373	25
788.849	24
789.326	20
789.803	23
790.279	22
790.756	26
791.232	20
791.709	32
792.185	20
792.662	19
793.138	22
793.613	19
794.089	19
794.566	17
795.042	16
795.518	22
795.995	21
796.471	15
796.947	20
797.421	23
797.897	22
798.374	17
798.85	23
799.326	18
799.802	23
800.276	23
800.752	21
801.228	14
801.704	21
802.18	17
802.654	24
803.13	24
803.606	21
804.082	19
804.556	15
805.031	22
805.507	13
805.983	23
806.457	19
806.932	21
807.408	17
807.884	21
808.358	24
808.833	23
809.309	25
809.784	17
810.258	21
810.733	21
811.209	21
811.682	20
812.158	15
812.633	24
813.107	21
813.582	14
814.057	19
814.531	19
815.006	18
815.481	18
815.955	17
816.43	18
816.903	20
817.378	25
817.853	24
818.326	17
818.802	16
819.275	24
819.75	25
820.225	25
820.698	15
821.173	17
821.646	17
822.121	24
822.593	16
823.068	17
823.541	16
824.016	20
824.491	17
824.964	24
825.438	25
825.911	17
826.386	21
826.858	16
827.333	26
827.806	13
828.28	15
828.753	16
829.227	14
829.7	21
830.173	24
830.647	15
831.119	19
831.594	15
832.066	18
832.541	19
833.013	24
833.487	29
833.96	20
834.432	18
834.906	24
835.378	17
835.853	14
836.325	16
836.797	16
837.271	11
837.743	20
838.215	20
838.689	19
839.161	22
839.635	19
840.107	17
840.579	19
841.053	25
841.525	24
841.997	26
842.469	19
842.943	19
843.415	19
843.886	19
844.36	17
844.832	20
845.304	16
845.777	20
846.249	16
846.721	24
847.192	19
847.666	26
848.137	25
848.609	20
849.081	16
849.554	19
850.025	19
850.497	21
850.968	26
851.44	10
851.913	22
852.384	19
852.856	26
853.327	29
853.798	25
854.272	16
854.743	22
855.214	22
855.685	16
856.156	18
856.627	22
857.099	21
857.572	17
858.043	21
858.514	19
858.985	22
859.456	18
859.927	20
860.398	20
860.868	26
861.339	21
861.812	21
862.283	19
862.754	15
863.225	21
863.695	33
864.166	16
864.637	20
865.107	21
865.578	25
866.049	20
866.519	12
866.99	11
867.461	21
867.931	21
868.402	11
868.872	26
869.342	24
869.813	20
870.283	20
870.754	19
871.224	15
871.694	14
872.165	12
872.635	26
873.105	23
873.576	25
874.046	17
874.516	19
874.984	17
875.454	22
875.924	26
876.394	24
876.865	20
877.335	15
877.805	20
878.275	21
878.745	17
879.215	22
879.682	18
880.152	17
880.622	14
881.092	24
881.562	23
882.032	18
882.5	28
882.969	21
883.439	20
883.909	24
884.378	19
884.848	7
885.316	18
885.785	26
886.255	28
886.724	21
887.192	22
887.661	24
888.131	23
888.6	22
889.068	13
889.537	15
890.007	24
890.476	18
890.943	21
891.413	18
891.882	16
892.351	22
892.818	22
893.288	19
893.757	17
894.224	29
894.693	14
895.162	19
895.629	24
896.099	23
896.568	18
897.035	17
897.504	17
897.973	19
898.44	23
898.908	19
899.377	23
899.844	25
900.313	18
900.78	19
901.249	23
901.717	22
902.184	27
902.653	20
903.12	26
903.588	18
904.055	26
904.524	16
904.992	21
905.459	22
905.927	18
906.394	24
906.862	20
907.329	23
907.797	21
908.264	21
908.732	23
909.199	23
909.667	13
910.133	20
910.602	21
911.068	17
911.536	14
912.003	20
912.471	24
912.937	15
913.405	14
913.871	17
914.337	19
914.806	15
915.272	17
915.74	22
916.206	16
916.674	20
917.14	19
917.606	20
918.074	23
918.54	24
919.007	13
919.473	13
919.939	20
920.407	16
920.873	20
921.339	15
921.806	22
922.272	20
922.738	12
923.205	17
923.671	18
924.137	15
924.604	23
925.07	21
925.535	19
926.003	13
926.468	24
926.934	20
927.399	22
927.867	15
928.332	22
928.798	12
929.263	18
929.73	14
930.196	18
930.661	19
931.126	17
931.593	20
932.059	19
932.524	20
932.989	21
933.454	9
933.921	18
934.386	22
934.851	25
935.316	28
935.781	19
936.248	26
936.713	11
937.178	25
937.643	21
938.108	24
938.573	18
939.038	16
939.505	16
939.97	16
940.434	17
940.899	18
941.364	22
941.829	20
942.293	21
942.758	22
943.223	23
943.687	23
944.154	22
944.618	16
945.083	22
945.547	26
946.012	25
946.476	18
946.941	18
947.405	23
947.87	18
948.334	19
948.798	19
949.263	17
949.727	21
950.191	22
950.656	15
951.12	17
951.584	21
952.048	16
952.512	17
952.977	23
953.441	19
953.905	23
954.369	19
954.831	19
955.295	15
955.759	21
956.223	22
956.687	20
957.151	24
957.615	15
958.078	23
958.542	22
959.006	14
959.468	22
959.932	19
960.396	20
960.859	9
961.323	18
961.787	14
962.25	18
962.712	17
963.176	19
963.639	23
964.103	17
964.566	22
965.03	21
965.491	19
965.955	21
966.418	19
966.882	18
967.343	24
967.807	19
968.27	26
968.733	24
969.195	18
969.658	18
970.121	20
970.584	18
971.046	17
971.509	14
971.972	13
972.435	16
972.896	23
973.359	14
973.822	22
974.283	25
974.746	21
975.209	12
975.67	21
976.133	17
976.596	19
977.057	24
977.52	20
977.983	20
978.444	18
978.907	21
979.369	18
979.83	22
980.293	15
980.754	18
981.216	15
981.679	27
982.14	20
982.602	28
983.063	17
983.525	21
983.986	20
984.448	22
984.911	19
985.372	16
985.834	16
986.294	19
986.757	21
987.217	26
987.68	18
988.14	18
988.602	25
989.063	21
989.525	20
989.985	14
990.447	16
990.907	23
991.37	15
991.83	20
992.292	23
992.752	14
993.212	19
993.674	16
994.134	17
994.596	19
995.056	16
995.518	16
995.978	26
996.438	17
996.9	25
997.36	20
997.822	21
998.281	18
998.741	23
999.203	21
999.663	24
1000.12	17
1000.58	20
1001.04	22
1001.5	21
1001.97	13
1002.42	34
1002.88	20
1003.35	24
1003.81	17
1004.27	22
1004.73	22
1005.19	24
1005.65	23
1006.11	18
1006.57	18
1007.03	22
1007.49	27
1007.95	16
1008.41	15
1008.87	17
1009.32	16
1009.79	19
1010.24	22
1010.7	20
1011.16	23
1011.62	19
1012.08	25
1012.54	17
1013	19
1013.46	20
1013.92	24
1014.38	23
1014.84	20
1015.3	19
1015.76	21
1016.22	22
1016.68	23
1017.13	24
1017.6	21
1018.05	28
1018.51	23
1018.97	20
1019.43	19
1019.89	18
1020.35	26
1020.81	28
1021.27	20
1021.73	16
1022.18	24
1022.64	21
1023.1	18
1023.56	18
1024.02	15
1024.48	17
1024.94	25
1025.39	22
1025.85	13
1026.31	19
1026.77	29
1027.23	27
1027.69	25
1028.14	26
1028.6	22
1029.06	17
1029.52	22
1029.98	21
1030.44	21
1030.89	27
1031.35	25
1031.81	20
1032.27	22
1032.73	16
1033.18	27
1033.64	23
1034.1	21
1034.56	18
1035.01	25
1035.47	21
1035.93	21
1036.39	28
1036.85	20
1037.3	16
1037.76	20
1038.22	17
1038.67	27
1039.13	26.0721
1039.59	22.0273
1040.05	19.9028
1040.51	19.0852
1040.96	17.194
1041.42	22.921
1041.88	23.8133
1042.33	17.0769
1042.79	23.5781
1043.25	23.608
1043.7	20.9129
1044.16	22.1244
1044.62	19.4633
1045.08	17.9087
1045.53	14.199
1045.99	22.2548
1046.45	17.2188
1046.9	16.3566
1047.36	22.9821
1047.82	15.6229
1048.27	21.6715
1048.73	19.4564
1049.19	22.28
1049.64	24.4778
1050.1	24.7715
1050.56	20.6175
1051.01	19.8882
1051.47	22.0323
1051.93	18.8171
1052.38	20.8785
1052.84	16.097
1053.3	21.241
1053.75	24.7593
1054.21	12.2011
1054.66	22.7694
1055.12	27.4683
1055.58	24.2464
1056.03	19.3589
1056.49	19.1569
1056.95	21.3798
1057.4	22
1057.86	27.3355
1058.31	20.1933
1058.77	25.4462
1059.23	28.6418
1059.68	26.3411
1060.14	22.3207
1060.59	22.2066
1061.05	24.8498
1061.5	18.8156
1061.96	23.5493
1062.42	18.0932
1062.87	20.4474
1063.33	27.7196
1063.78	24.0155
1064.24	18.6719
1064.69	21.3954
1065.15	21.3171
1065.6	23.1812
1066.06	25.1049
1066.52	26.5949
1066.97	27.5913
1067.43	25.1687
1067.88	25.0227
1068.34	18.6258
1068.79	20.7797
1069.25	22.6519
1069.7	28.5901
1070.16	27.223
1070.61	20.7219
1071.07	20.3895
1071.52	24.0526
1071.98	22.7949
1072.43	24.962
1072.89	23.4956
1073.34	23.7363
1073.8	27.275
1074.25	20.4159
1074.71	21.4667
1075.16	24.2581
1075.62	25.1844
1076.07	27.3143
1076.52	21.8567
1076.98	22.2299
1077.43	21.1359
1077.89	19.7788
1078.34	20.3231
1078.8	28.6527
1079.25	31.2049
1079.71	28.6811
1080.16	26.0944
1080.61	27.2788
1081.07	26.3453
1081.52	24.7981
1081.98	26.1008
1082.43	26.6442
1082.89	21.113
1083.34	16.7656
1083.79	22.2407
1084.25	25.1595
1084.7	26.1317
1085.16	27.1844
1085.61	22.7746
1086.06	25.9899
1086.35	33
1086.81	29
1087.27	22
1087.73	12
1088.19	21
1088.65	30
1089.11	31
1089.57	20
1090.03	19
1090.49	29
1090.94	26
1091.4	26
1091.86	25
1092.32	30
1092.78	28
1093.24	22
1093.7	30
1094.16	26
1094.62	31
1095.07	28
1095.53	21
1095.99	31
1096.45	25
1096.91	26
1097.36	28
1097.82	25
1098.28	28
1098.74	32
1099.2	23
1099.66	33
1100.12	29
1100.57	23
1101.03	32
1101.49	27
1101.95	30
1102.41	30
1102.86	22
1103.32	22
1103.78	29
1104.24	22
1104.69	32
1105.15	23
1105.61	23
1106.07	30
1106.53	26
1106.98	27
1107.44	24
1107.9	27
1108.36	28
1108.82	33
1109.27	20
1109.73	35
1110.19	32
1110.65	26
1111.1	23
1111.56	30
1112.02	31
1112.47	32
1112.93	36
1113.39	27
1113.85	25
1114.3	25
1114.76	32
1115.22	34
1115.67	20
1116.13	35
1116.59	31
1117.05	30
1117.5	32
1117.96	27
1118.42	37
1118.87	35
1119.33	31
1119.79	23
1120.24	24
1120.7	26
1121.16	35
1121.61	31
1122.07	29
1122.53	27
1122.98	31
1123.44	29
1123.89	30
1124.35	25
1124.81	30
1125.26	29
1125.72	28
1126.18	26
1126.63	27
1127.09	29
1127.55	30
1128	29
1128.46	34
1128.91	27
1129.37	28
1129.83	32
1130.28	31
1130.74	24
1131.19	22
1131.65	30
1132.1	30
1132.56	30
1133.02	25
1133.47	26
1133.93	30
1134.38	33
1134.84	24
1135.3	34
1135.75	35
1136.21	29
1136.66	35
1137.12	22
1137.57	30
1138.03	32
1138.48	36
1138.94	27
1139.39	30
1139.85	20
1140.3	26
1140.76	26
1141.21	32
1141.67	27
1142.12	24
1142.58	23
1143.04	36
1143.49	26
1143.94	33
1144.4	29
1144.85	30
1145.31	28
1145.76	34
1146.22	30
1146.67	19
1147.13	26
1147.58	34
1148.04	30
1148.49	32
1148.95	33
1149.4	27
1149.86	37
1150.31	30
1150.76	34
1151.22	33
1151.67	28
1152.13	29
1152.58	27
1153.04	34
1153.49	28
1153.94	30
1154.4	35
1154.85	22
1155.31	32
1155.76	22
1156.21	29
1156.67	41
1157.12	24
1157.58	31
1158.03	26
1158.48	35
1158.94	25
1159.39	35
1159.85	30
1160.3	31
1160.75	38
1161.21	24
1161.66	25
1162.11	31
1162.57	28
1163.02	30
1163.48	36
1163.93	35
1164.38	26
1164.84	37
1165.29	23
1165.74	30
1166.19	29
1166.65	30
1167.1	30
1167.55	22
1168.01	31
1168.46	24
1168.91	33
1169.37	32
1169.82	35
1170.27	29
1170.73	33
1171.18	25
1171.63	32
1172.08	34
1172.54	30
1172.99	33
1173.44	32
1173.9	27
1174.35	24
1174.8	21
1175.25	29
1175.71	29
1176.16	29
1176.61	27
1177.06	36
1177.52	29
1177.97	28
1178.42	36
1178.87	24
1179.32	36
1179.78	39
1180.23	30
1180.68	29
1181.13	30
1181.59	24
1182.04	37
1182.49	25
1182.94	38
1183.39	30
1183.85	35
1184.3	29
1184.75	28
1185.2	35
1185.65	38
1186.1	34
1186.56	34
1187.01	34
1187.46	33
1187.91	33
1188.36	31
1188.81	25
1189.27	23
1189.72	28
1190.17	27
1190.62	35
1191.07	36
1191.52	27
1191.98	33
1192.43	24
1192.88	36
1193.33	27
1193.78	38
1194.23	32
1194.68	43
1195.13	37
1195.59	37
1196.04	22
1196.49	26
1196.94	29
1197.39	41
1197.84	34
1198.29	28
1198.74	39
1199.19	31
1199.64	35
1200.09	27
1200.54	38
1201	33
1201.44	35
1201.9	33
1202.35	37
1202.8	28
1203.25	27
1203.7	39
1204.15	32
1204.6	35
1205.05	31
1205.5	29
1205.95	34
1206.4	33
1206.85	30
1207.3	30
1207.75	28
1208.2	37
1208.65	37
1209.1	30
1209.55	33
1210	32
1210.45	43
1210.9	36
1211.35	36
1211.8	37
1212.25	34
1212.7	37
1213.15	26
1213.6	37
1214.05	35
1214.5	27
1214.95	33
1215.4	39
1215.85	29
1216.3	35
1216.75	24
1217.2	34
1217.65	27
1218.09	37
1218.54	25
1218.99	39
1219.44	31
1219.89	35
1220.34	40
1220.79	26
1221.24	34
1221.69	35
1222.14	41
1222.59	31
1223.04	36
1223.48	32
1223.93	28
1224.38	43
1224.83	34
1225.28	32
1225.73	37
1226.18	28
1226.63	37
1227.08	37
1227.52	41
1227.97	46
1228.42	31
1228.87	30
1229.32	39
1229.77	40
1230.22	44
1230.66	29
1231.11	40
1231.56	33
1232.01	38
1232.46	43
1232.91	32
1233.35	40
1233.8	42
1234.25	35
1234.7	44
1235.15	31
1235.59	40
1236.04	36
1236.49	30
1236.94	37
1237.39	23
1237.83	43
1238.28	43
1238.73	35
1239.18	43
1239.63	44
1240.07	31
1240.52	40
1240.97	40
1241.42	32
1241.86	43
1242.31	38
1242.76	34
1243.21	39
1243.65	44
1244.1	32
1244.55	41
1245	49
1245.44	30
1245.89	41
1246.34	41
1246.78	46
1247.23	39
1247.68	33
1248.13	42
1248.57	42
1249.02	29
1249.47	46
1249.92	42
1250.36	42
1250.81	43
1251.26	45
1251.7	37
1252.15	44
1252.6	42
1253.04	41
1253.49	38
1253.94	42
1254.38	47
1254.83	41
1255.28	48
1255.72	41
1256.17	46
1256.61	48
1257.06	42
1257.51	43
1257.95	41
1258.4	51
1258.85	48
1259.29	47
1259.74	53
1260.19	48
1260.63	51
1261.08	44
1261.52	47
1261.97	43
1262.42	40
1262.86	62
1263.31	43
1263.76	55
1264.2	44
1264.65	46
1265.09	34
1265.54	48
1265.98	49
1266.43	55
1266.87	48
1267.32	42
1267.77	38
1268.21	47
1268.66	43
1269.1	49
1269.55	48
1269.99	45
1270.44	34
1270.89	49
1271.33	53
1271.78	51
1272.22	62
1272.67	48
1273.11	57
1273.56	46
1274	46
1274.45	57
1274.89	61
1275.34	32
1275.78	52
1276.23	56
1276.67	46
1277.12	60
1277.56	53
1278.01	56
1278.45	45
1278.9	56
1279.34	50
1279.79	50
1280.23	67
1280.68	51
1281.12	59
1281.57	44
1282.01	47
1282.45	64
1282.9	44
1283.34	63
1283.79	59
1284.23	52
1284.68	50
1285.12	49
1285.56	59
1286.01	60
1286.45	67
1286.9	55
1287.34	59
1287.79	65
1288.23	57
1288.67	71
1289.12	64
1289.56	56
1290.01	62
1290.45	55
1290.9	65
1291.34	69
1291.78	61
1292.23	61
1292.67	62
1293.11	67
1293.56	66
1294	69
1294.44	72
1294.89	74
1295.33	61
1295.78	76
1296.22	71
1296.66	62
1297.11	78
1297.55	70
1297.99	72
1298.44	72
1298.88	68
1299.32	76
1299.77	74
1300.21	89
1300.65	81
1301.09	68
1301.54	84
1301.98	89
1302.43	94
1302.87	68
1303.31	69
1303.75	84
1304.2	87
1304.64	89
1305.08	82
1305.53	83
1305.97	77
1306.41	96
1306.85	95
1307.3	89
1307.74	83
1308.18	83
1308.62	80
1309.07	100
1309.51	90
1309.95	93
1310.39	97
1310.84	101
1311.28	88
1311.72	87
1312.16	84
1312.61	95
1313.05	96
1313.49	109
1313.93	89
1314.37	110
1314.82	127
1315.26	114
1315.7	125
1316.14	108
1316.58	110
1317.03	103
1317.47	112
1317.91	117
1318.35	130
1318.79	120
1319.23	115
1319.68	107
1320.12	115
1320.56	142
1321	130
1321.44	123
1321.89	137
1322.33	126
1322.77	120
1323.21	146
1323.65	130
1324.09	131
1324.53	157
1324.97	138
1325.42	165
1325.86	149
1326.3	153
1326.74	152
1327.18	148
1327.62	167
1328.06	175
1328.51	180
1328.95	167
1329.39	170
1329.83	160
1330.27	172
1330.71	181
1331.15	172
1331.59	181
1332.03	197
1332.47	182
1332.91	195
1333.35	178
1333.8	188
1334.24	183
1334.68	181
1335.12	211
1335.56	202
1336	215
1336.44	218
1336.88	200
1337.32	229
1337.76	202
1338.2	223
1338.64	227
1339.08	215
1339.52	231
1339.96	241
1340.4	226
1340.84	231
1341.28	256
1341.72	224
1342.16	231
1342.6	229
1343.04	221
1343.48	250
1343.92	234
1344.36	269
1344.8	252
1345.24	231
1345.68	245
1346.12	235
1346.56	247
1347	241
1347.44	276
1347.88	260
1348.32	249
1348.76	254
1349.2	232
1349.64	264
1350.08	249
1350.52	232
1350.96	226
1351.39	245
1351.83	247
1352.27	231
1352.71	241
1353.15	255
1353.59	245
1354.03	227
1354.47	228
1354.91	229
1355.35	218
1355.79	243
1356.23	238
1356.66	222
1357.1	239
1357.54	230
1357.98	197
1358.42	211
1358.86	215
1359.3	221
1359.74	178
1360.18	202
1360.61	211
1361.05	202
1361.49	193
1361.93	204
1362.37	202
1362.81	195
1363.25	200
1363.68	181
1364.12	208
1364.56	179
1365	189
1365.44	181
1365.88	169
1366.31	178
1366.75	170
1367.19	171
1367.63	174
1368.07	154
1368.5	153
1368.94	162
1369.38	170
1369.82	150
1370.26	147
1370.69	150
1371.13	152
1371.57	159
1372.01	153
1372.45	142
1372.88	154
1373.32	147
1373.76	152
1374.2	138
1374.63	130
1375.07	138
1375.51	138
1375.95	139
1376.38	125
1376.82	152
1377.26	133
1377.7	120
1378.13	130
1378.57	126
1379.01	95
1379.44	109
1379.88	117
1380.32	112
1380.76	114
1381.19	116
1381.63	114
1382.07	111
1382.5	120
1382.94	104
1383.38	92
1383.82	102
1384.25	98
1384.69	100
1385.13	90
1385.56	99
1386	107
1386.44	86
1386.87	102
1387.31	94
1387.75	91
1388.18	83
1388.62	92
1389.06	100
1389.49	89
1389.93	87
1390.36	79
1390.8	89
1391.24	83
1391.67	73
1392.11	80
1392.55	97
1392.98	91
1393.42	72
1393.85	82
1394.29	87
1394.73	84
1395.16	83
1395.6	73
1396.04	80
1396.47	82
1396.91	78
1397.34	84
1397.78	78
1398.21	79
1398.65	71
1399.09	71
1399.52	70
1399.96	83
1400.39	57
1400.83	74
1401.26	66
1401.7	76
1402.14	59
1402.57	60
1403.01	54
1403.44	72
1403.88	71
1404.31	66
1404.75	59
1405.18	65
1405.62	54
1406.05	66
1406.49	66
1406.92	54
1407.36	45
1407.8	65
1408.23	56
1408.67	62
1409.1	67
1409.53	72
1409.97	57
1410.4	60
1410.84	63
1411.27	57
1411.71	53
1412.14	68
1412.58	63
1413.01	59
1413.45	53
1413.88	54
1414.32	60
1414.75	56
1415.19	51
1415.62	59
1416.05	57
1416.49	55
1416.92	57
1417.36	50
1417.79	62
1418.23	53
1418.66	53
1419.1	52
1419.53	55
1419.96	47
1420.4	60
1420.83	54
1421.27	51
1421.7	43
1422.13	44
1422.57	50
1423	55
1423.44	51
1423.87	51
1424.3	55
1424.74	54
1425.17	50
1425.6	46
1426.04	44
1426.47	45
1426.91	52
1427.34	53
1427.77	55
1428.21	50
1428.64	47
1429.07	48
1429.51	47
1429.94	58
1430.37	50
1430.81	53
1431.24	48
1431.67	36
1432.11	42
1432.54	52
1432.97	39
1433.41	57
1433.84	40
1434.27	44
1434.71	51
1435.14	36
1435.57	49
1436.01	36
1436.44	37
1436.87	46
1437.3	52
1437.74	44
1438.17	34
1438.6	41
1439.03	47
1439.47	50
1439.9	47
1440.33	48
1440.77	50
1441.2	40
1441.63	43
1442.06	38
1442.5	48
1442.93	46
1443.36	45
1443.79	50
1444.23	43
1444.66	45
1445.09	40
1445.52	37
1445.95	46
1446.39	33
1446.82	37
1447.25	44
1447.68	48
1448.11	43
1448.55	57
1448.98	34
1449.41	54
1449.84	49
1450.28	44
1450.71	40
1451.14	38
1451.57	50
1452	38
1452.43	39
1452.87	42.1263
1453.3	37.9435
1453.73	42.8683
1454.16	36.2042
1454.59	48.9587
1455.02	44.0009
1455.45	48.8301
1455.89	36.3033
1456.32	45.3499
1456.75	44.4916
1457.18	45.2005
1457.61	50.8979
1458.04	45.2005
1458.47	46.1348
1458.91	40.8056
1459.34	42.0419
1459.77	44.8641
1460.2	37.8616
1460.63	43.6294
1461.06	41.2609
1461.49	46.9055
1461.92	44.407
1462.35	39.3407
1462.79	42.748
1463.22	37.4771
1463.65	45.4199
1464.08	34.2121
1464.51	36.5864
1464.94	37.8292
1465.37	45.2981
1465.8	37.9172
1466.23	37.9078
1466.66	41.6111
1467.09	49.9877
1467.52	43.8359
1467.95	40.5439
1468.38	38.0379
1468.81	35.1103
1469.24	33.817
1469.68	38.6823
1470.11	43.8636
1470.54	48.1775
1470.97	49.3954
1471.4	47.2498
1471.83	42.7893
1472.26	39.3405
1472.69	41.1655
1473.12	44.728
1473.55	39.9453
1473.98	35.8354
1474.41	39.1659
1474.84	43.7257
1475.27	42.0686
1475.7	39.0318
1476.13	43.6407
1476.56	44.2308
1476.99	40.6808
1477.42	45.1389
1477.85	45.258
1478.28	39.9798
1478.71	36.9984
1479.14	39.5493
1479.57	45.1566
1480	43.6676
1480.43	43.6441
1480.86	35.0935
1481.29	47.9315
1481.71	45.5369
1482.14	40.0174
1482.57	41.3505
1483	43.0421
1483.43	42.4444
1483.86	43.157
1484.29	42.9697
1484.72	41.2778
1485.15	45.4043
1485.58	49.6234
1486.01	48.8316
1486.44	39.877
1486.87	41.9228
1487.29	43.4996
1487.72	44.3122
1488.15	43.4804
1488.58	41.4178
1489.01	49.0397
1489.44	50.5422
1489.87	39.4787
1490.3	46.9381
1490.73	47.3921
1491.15	42.2913
1491.58	46.1357
1492.01	45.4719
1492.44	43.7374
1492.87	43.6111
1493.3	44.6003
1493.73	41.0354
1494.15	44.9659
1494.58	43.4422
1495.01	42.957
1495.17	44
1495.61	42
1496.04	34
1496.48	45
1496.91	55
1497.34	52
1497.77	51
1498.21	41
1498.64	44
1499.08	47
1499.51	51
1499.94	47
1500.38	44
1500.81	38
1501.24	34
1501.68	44
1502.11	46
1502.54	43
1502.98	41
1503.41	48
1503.84	53
1504.28	48
1504.71	48
1505.14	47
1505.57	52
1506.01	52
1506.44	46
1506.87	44
1507.31	49
1507.74	46
1508.17	44
1508.61	41
1509.04	43
1509.47	42
1509.9	38
1510.34	47
1510.77	53
1511.2	36
1511.63	47
1512.07	39
1512.5	33
1512.93	43
1513.36	59
1513.8	54
1514.23	50
1514.66	53
1515.09	46
1515.52	41
1515.96	48
1516.39	60
1516.82	48
1517.25	32
1517.69	51
1518.12	49
1518.55	48
1518.98	50
1519.41	51
1519.85	48
1520.28	49
1520.71	49
1521.14	53
1521.57	47
1522.01	50
1522.44	50
1522.87	54
1523.3	40
1523.73	39
1524.16	55
1524.6	47
1525.03	42
1525.46	51
1525.89	52
1526.32	50
1526.75	52
1527.18	47
1527.62	55
1528.05	53
1528.48	52
1528.91	47
1529.34	56
1529.77	50
1530.2	65
1530.63	50
1531.07	47
1531.5	53
1531.93	58
1532.36	45
1532.79	47
1533.22	61
1533.65	59
1534.08	55
1534.51	51
1534.94	58
1535.37	57
1535.81	55
1536.24	60
1536.67	57
1537.1	65
1537.53	67
1537.96	56
1538.39	38
1538.82	60
1539.25	61
1539.68	60
1540.11	54
1540.54	61
1540.97	66
1541.4	70
1541.83	66
1542.26	71
1542.69	67
1543.13	62
1543.55	66
1543.98	54
1544.41	61
1544.84	76
1545.27	63
1545.7	73
1546.14	60
1546.57	60
1547	73
1547.43	70
1547.86	74
1548.29	72
1548.72	65
1549.14	65
1549.57	74
1550	63
1550.43	75
1550.86	69
1551.29	78
1551.72	76
1552.15	79
1552.58	83
1553.01	89
1553.44	79
1553.87	96
1554.3	79
1554.73	94
1555.16	88
1555.59	88
1556.02	86
1556.45	102
1556.87	81
1557.3	97
1557.73	101
1558.16	95
1558.59	94
1559.02	95
1559.45	100
1559.88	99
1560.31	106
1560.74	113
1561.17	115
1561.6	103
1562.02	124
1562.45	106
1562.88	112
1563.31	128
1563.74	128
1564.17	125
1564.59	124
1565.02	119
1565.45	119
1565.88	115
1566.31	128
1566.74	120
1567.17	129
1567.6	133
1568.02	153
1568.45	128
1568.88	148
1569.31	132
1569.74	155
1570.17	149
1570.59	127
1571.02	147
1571.45	153
1571.88	145
1572.31	144
1572.73	157
1573.16	148
1573.59	142
1574.02	148
1574.45	153
1574.87	175
1575.3	157
1575.73	169
1576.16	171
1576.58	162
1577.01	180
1577.44	167
1577.87	187
1578.3	164
1578.72	193
1579.15	153
1579.58	185
1580.01	167
1580.43	207
1580.86	198
1581.29	187
1581.72	185
1582.14	174
1582.57	194
1583	183
1583.43	183
1583.85	222
1584.28	178
1584.71	199
1585.13	192
1585.56	162
1585.99	195
1586.42	202
1586.84	196
1587.27	202
1587.7	187
1588.12	200
1588.55	208
1588.98	205
1589.4	195
1589.83	191
1590.26	189
1590.68	189
1591.11	190
1591.54	181
1591.96	190
1592.39	175
1592.82	174
1593.24	169
1593.67	175
1594.1	175
1594.52	176
1594.95	188
1595.38	184
1595.8	159
1596.23	169
1596.65	139
1597.08	173
1597.51	153
1597.93	149
1598.36	156
1598.79	157
1599.21	174
1599.64	156
1600.06	162
1600.49	146
1600.92	170
1601.34	168
1601.77	150
1602.19	160
1602.62	155
1603.04	144
1603.47	130
1603.9	164
1604.32	130
1604.75	149
1605.17	155
1605.6	123
1606.02	150
1606.45	129
1606.88	135
1607.3	139
1607.73	142
1608.15	132
1608.58	143
1609	133
1609.43	123
1609.85	135
1610.28	131
1610.7	122
1611.13	134
1611.55	136
1611.98	153
1612.4	142
1612.83	142
1613.25	128
1613.68	146
1614.11	120
1614.53	136
1614.96	148
1615.38	137
1615.81	154
1616.23	140
1616.65	152
1617.08	150
1617.5	128
1617.93	148
1618.35	138
1618.78	140
1619.2	153
1619.63	126
1620.05	129
1620.48	132
1620.9	150
1621.33	137
1621.75	140
1622.17	136
1622.6	138
1623.02	119
1623.45	124
1623.87	123
1624.3	104
1624.72	129
1625.14	122
1625.57	117
1625.99	107
1626.42	104
1626.84	113
1627.26	112
1627.69	104
1628.11	99
1628.54	105
1628.96	104
1629.38	86
1629.81	103
1630.23	87
1630.66	84
1631.08	97
1631.5	93
1631.93	95
1632.35	72
1632.77	94
1633.2	91
1633.62	79
1634.05	84
1634.47	70
1634.89	65
1635.32	75
1635.74	67
1636.16	61
1636.58	74
1637.01	77
1637.43	70
1637.85	59
1638.28	62
1638.7	70
1639.12	55
1639.55	58
1639.97	55
1640.39	53
1640.82	59
1641.24	60
1641.66	53
1642.09	63
1642.51	52
1642.93	48
1643.35	59
1643.78	52
1644.2	51
1644.62	49
1645.05	46
1645.47	51
1645.89	56
1646.31	51
1646.74	50
1647.16	48
1647.58	48
1648	51
1648.42	39
1648.85	42
1649.27	41
1649.69	31
1650.11	54
1650.54	35
1650.96	43
1651.38	42
1651.8	37
1652.23	43
1652.65	37
1653.07	39
1653.49	41
1653.91	37
1654.34	36
1654.76	45
1655.18	45
1655.6	44
1656.02	37
1656.45	39
1656.87	33
1657.29	39
1657.71	43
1658.13	28
1658.56	30
1658.98	28
1659.4	47
1659.82	30
1660.24	33
1660.66	28
1661.08	36
1661.51	31
1661.93	43
1662.35	38
1662.77	18
1663.19	41
1663.61	26
1664.03	38
1664.46	38
1664.88	32
1665.3	34
1665.72	31
1666.14	32
1666.56	23
1666.98	27
1667.4	36
1667.82	36
1668.24	28
1668.67	29
1669.09	36
1669.51	32
1669.93	30
1670.35	31
1670.77	21
1671.19	19
1671.61	19
1672.03	32
1672.45	30
1672.87	23
1673.29	23
1673.71	25
1674.14	24
1674.56	27
1674.98	34
1675.4	28
1675.82	25
1676.24	29
1676.66	21
1677.08	25
1677.5	34
1677.92	27
1678.34	28
1678.76	19
1679.18	32
1679.6	30
1680.02	25
1680.44	30
1680.86	34
1681.28	32
1681.7	23
1682.12	26
1682.54	25
1682.96	23
1683.38	25
1683.8	23
1684.22	29
1684.64	23
1685.06	21
1685.48	32
1685.9	33
1686.32	24
1686.74	28
1687.16	20
1687.58	25
1688	29
1688.42	28
1688.83	27
1689.25	23
1689.67	26
1690.09	23
1690.51	34
1690.93	20
1691.35	30
1691.77	24
1692.19	19
1692.61	23
1693.03	28
1693.45	25
1693.87	24
1694.28	19
1694.7	20
1695.12	24
1695.54	33
1695.96	21
1696.38	22
1696.8	29
1697.22	33
1697.64	30
1698.06	19
1698.47	25
1698.89	27
1699.31	29
1699.73	20
1700.15	17
1700.57	25
1700.99	28
1701.4	24
1701.82	24
1702.24	17
1702.66	21
1703.08	21
1703.5	29
1703.91	20
1704.33	25
1704.75	23
1705.17	25
1705.59	30
1706.01	26
1706.42	21
1706.84	21
1707.26	23
1707.68	20
1708.1	19
1708.51	22
1708.93	20
1709.35	29
1709.77	16
1710.19	22
1710.6	25
1711.02	29
1711.44	22
1711.86	16
1712.27	22
1712.69	21
1713.11	28
1713.53	23
1713.95	17
1714.36	28
1714.78	17
1715.2	17
1715.61	28
1716.03	19
1716.45	22
1716.87	17
1717.29	29
1717.7	23
1718.12	22
1718.54	22
1718.95	21
1719.37	24
1719.79	22
1720.2	27
1720.62	28
1721.04	13
1721.46	19
1721.87	25
1722.29	21
1722.71	24
1723.12	16
1723.54	22
1723.96	22
1724.37	27
1724.79	20
1725.21	22
1725.63	23
1726.04	25
1726.46	24
1726.87	20
1727.29	25
1727.71	25
1728.12	24
1728.54	22
1728.96	26
1729.37	20
1729.79	19
1730.21	25
1730.62	21
1731.04	21
1731.45	27
1731.87	18
1732.29	19
1732.71	19
1733.12	26
1733.54	24
1733.95	21
1734.37	28
1734.78	23
1735.2	16
1735.62	18
1736.03	20
1736.45	17
1736.87	17
1737.28	24
1737.7	27
1738.11	20
1738.53	23
1738.94	22
1739.36	28
1739.78	20
1740.19	24
1740.61	22
1741.02	20
1741.44	16
1741.85	19
1742.27	25
1742.68	26
1743.1	30
1743.52	13
1743.93	21
1744.35	26
1744.76	24
1745.18	21
1745.59	19
1746.01	24
1746.42	22
1746.84	20
1747.25	19
1747.67	19
1748.08	18
1748.5	18
1748.91	18
1749.33	24
1749.74	30
1750.16	18
1750.57	15
1750.99	23
1751.4	21
1751.82	12
1752.23	26
1752.64	29
1753.06	19
1753.47	26
1753.89	18
1754.3	21
1754.72	22
1755.13	18
1755.55	13
1755.96	15
1756.38	14
1756.79	16
1757.21	25
1757.62	17
1758.03	22
1758.45	22
1758.86	24
1759.28	22
1759.69	17
1760.1	22
1760.52	17
1760.93	23
1761.35	29
1761.76	20
1762.17	19
1762.59	19
1763	19
1763.42	12
1763.83	20
1764.25	21
1764.66	21
1765.07	15
1765.49	23
1765.9	27
1766.31	20
1766.73	28
1767.14	19
1767.55	21
1767.97	28
1768.38	21
1768.79	19
1769.21	18
1769.62	29
1770.03	25
1770.45	14
1770.86	21
1771.28	27
1771.69	17
1772.1	27
1772.51	20
1772.93	29
1773.34	19
1773.75	19
1774.17	24
1774.58	19
1774.99	24
1775.41	23
1775.82	20
1776.23	21
1776.65	27
1777.06	15
1777.47	16
1777.88	23
1778.3	23
1778.71	21
1779.12	17
1779.53	19
1779.95	24
1780.36	21
1780.77	21
1781.19	23
1781.6	23
1782.01	19
1782.42	29
1782.83	23
1783.25	20
1783.66	15
1784.07	22
1784.49	24
1784.9	17
1785.31	23
1785.72	20
1786.13	20
1786.55	18
1786.96	15
1787.37	17
1787.78	19
1788.19	19
1788.61	20
1789.02	16
1789.43	26
1789.84	20
1790.26	22
1790.67	17
1791.08	21
1791.49	22
1791.9	14
1792.31	10
1792.72	20
1793.14	23
1793.55	22
1793.96	27
1794.37	19
1794.78	32
1795.19	20
1795.61	17
1796.02	16
1796.43	17
1796.84	9
1797.25	17
1797.66	20
1798.07	18
1798.49	22
1798.9	19
1799.31	22
1799.72	21
1800.13	17
1800.54	15
1800.95	19
1801.36	12
1801.77	15
1802.19	22
1802.6	23
1803.01	10
1803.42	19
1803.83	21
1804.24	26
1804.65	19
1805.06	27
1805.47	21
1805.88	9
1806.3	22
1806.71	17
1807.12	18
1807.53	17
1807.94	13
1808.35	17
1808.76	22
1809.17	15
1809.58	26
1809.99	15
1810.4	17
1810.81	26
1811.22	19
1811.63	22
1812.04	21
1812.45	24
1812.86	16
1813.27	18
1813.68	22
1814.09	22
1814.5	21
1814.91	15
1815.32	20
1815.73	16
1816.14	22
1816.55	29
1816.96	16
1817.37	16
1817.78	20
1818.19	27
1818.6	25
1819.01	19
1819.42	19
1819.83	19
1820.24	19
1820.65	17
1821.06	17
1821.47	21
1821.88	24
1822.29	16
1822.7	13
1823.11	15
1823.52	21
1823.93	25
1824.33	11
1824.74	23
1825.15	14
1825.56	21
1825.97	21
1826.38	17
1826.79	21
1827.2	17
1827.61	23
1828.02	19
1828.43	14
1828.84	20
1829.25	20
1829.65	16
1830.06	17
1830.47	19
1830.88	10
1831.29	19
1831.7	21
1832.11	18
1832.52	22
1832.92	16
1833.33	24
1833.74	20
1834.15	18
1834.56	22
1834.97	20
1835.38	21
1835.78	19
1836.19	24
1836.6	17
1837.01	20
1837.42	18
1837.83	14
1838.24	16
1838.64	16
1839.05	15
1839.46	18
1839.87	19
1840.28	19
1840.68	22.0795
1841.09	14.8202
1841.5	19.0065
1841.91	22.7627
1842.32	20.0323
1842.72	18.9943
1843.13	13.3365
1843.54	25.7697
1843.95	23.685
1844.36	21.9317
1844.76	19.5641
1845.17	15.4377
1845.58	9.42709
1845.99	12.6443
1846.39	28.2258
1846.8	23.6982
1847.21	17.7124
1847.62	18.8223
1848.03	21.3047
1848.43	19.2658
1848.84	15.2395
1849.25	21.6794
1849.66	17.4314
1850.06	16.6764
1850.47	19.9109
1850.88	17.4811
1851.29	23.1758
1851.69	16.821
1852.1	12.4443
1852.51	16.8472
1852.91	16.2697
1853.32	17.656
1853.73	21.5119
1854.14	21.1989
1854.54	13.7077
1854.95	15.6698
1855.36	13.7802
1855.76	17.6507
1856.17	19.1283
1856.58	17.2747
1856.98	20.6465
1857.39	24.7864
1857.8	18.7094
1858.21	19.2884
1858.61	20.0929
1859.02	18.876
1859.43	18.0603
1859.83	19.3803
1860.24	21.0628
1860.65	15.6007
1861.05	17.8585
1861.46	20.7344
1861.87	20.4825
1862.27	21.582
1862.68	22.7124
1863.08	16.7954
1863.49	16.8838
1863.9	19.3494
1864.3	23.8474
1864.71	21.6266
1865.12	18.5308
1865.52	15.8185
1865.93	18.5434
1866.33	20.9658
1866.74	16.5718
1867.15	19.6321
1867.55	19.7758
1867.96	20.0298
1868.37	17.5181
1868.77	16.0609
1869.18	17.2038
1869.58	20.3444
1869.99	18.2171
1870.4	19.1205
1870.8	18.2564
1871.21	18.7761
1871.61	19.6584
1872.02	18.4516
1872.43	22.9561
1872.83	21.3372
1873.24	21.2177
1873.64	23.6347
1874.05	21.2622
1874.45	18.2123
1874.86	17.1887
1875.27	17.8123
1875.67	18.8127
1876.08	16.0762
1876.48	23.5026
1876.89	16.7797
1877.29	16.5104
1877.7	20.3709
1878.1	16.1606
1878.51	17.3725
1878.91	18.3255
1879.32	17.6038
1879.72	23.6614
1880.13	17.5653
1880.53	16.1771
1880.94	22.7871
1881.34	15.2766
1881.75	16.7684
1882.16	18.9675
1882.56	19.928
1882.96	14.7676
1883.37	21.041
1883.42	22
1883.83	16
1884.24	21
1884.65	20
1885.06	20
1885.47	18
1885.88	14
1886.29	18
1886.7	19
1887.11	20
1887.52	19
1887.93	20
1888.34	23
1888.75	19
1889.16	17
1889.57	21
1889.98	25
1890.39	19
1890.8	27
1891.21	12
1891.62	17
1892.03	20
1892.44	19
1892.84	27
1893.25	18
1893.66	16
1894.07	17
1894.48	18
1894.89	12
1895.3	14
1895.71	18
1896.12	21
1896.53	16
1896.94	17
1897.34	17
1897.75	27
1898.16	18
1898.57	22
1898.98	20
1899.39	23
1899.8	24
1900.21	18
1900.62	29
1901.02	22
1901.43	17
1901.84	24
1902.25	21
1902.66	19
1903.07	24
1903.48	24
1903.89	16
1904.29	15
1904.7	11
1905.11	21
1905.52	23
1905.93	20
1906.34	23
1906.75	16
1907.15	19
1907.56	16
1907.97	17
1908.38	17
1908.79	20
1909.19	12
1909.6	24
1910.01	19
1910.42	21
1910.83	20
1911.23	22
1911.64	26
1912.05	26
1912.46	21
1912.87	19
1913.27	20
1913.68	13
1914.09	26
1914.5	18
1914.91	16
1915.31	18
1915.72	19
1916.13	21
1916.54	21
1916.94	24
1917.35	18
1917.76	19
1918.17	15
1918.57	19
1918.98	17
1919.39	17
1919.8	22
1920.2	20
1920.61	28
1921.02	14
1921.43	8
1921.83	15
1922.24	19
1922.65	17
1923.05	18
1923.46	18
1923.87	23
1924.28	15
1924.68	18
1925.09	22
1925.5	27
1925.9	17
1926.31	13
1926.72	25
1927.13	18
1927.53	16
1927.94	25
1928.35	16
1928.75	20
1929.16	22
1929.57	18
1929.97	15
1930.38	18
1930.78	22
1931.19	20
1931.6	16
1932	17
1932.41	12
1932.82	21
1933.22	11
1933.63	24
1934.04	22
1934.44	17
1934.85	10
1935.26	12
1935.66	21
1936.07	18
1936.48	22
1936.88	11
1937.29	17
1937.69	15
1938.1	19
1938.51	23
1938.91	24
1939.32	15
1939.72	22
1940.13	16
1940.53	15
1940.94	16
1941.35	15
1941.75	24
1942.16	18
1942.57	21
1942.97	24
1943.38	19
1943.78	15
1944.19	14
1944.59	25
1945	25
1945.4	17
1945.81	18
1946.21	20
1946.62	19
1947.03	24
1947.43	17
1947.84	21
1948.24	15
1948.65	21
1949.05	27
1949.46	17
1949.86	20
1950.27	18
1950.67	14
1951.08	25
1951.48	19
1951.89	20
1952.29	29
1952.7	26
1953.1	20
1953.51	19
1953.91	20
1954.32	18
1954.72	16
1955.13	23
1955.53	21
1955.94	23
1956.34	21
1956.75	6
1957.15	17
1957.56	19
1957.96	18
1958.37	22
1958.77	24
1959.18	18
1959.58	19
1959.98	16
1960.39	14
1960.79	16
1961.2	18
1961.6	19
1962.01	23
1962.41	26
1962.81	22
1963.22	19
1963.62	19
1964.03	21
1964.43	23
1964.84	21
1965.24	21
1965.64	20
1966.05	16
1966.45	12
1966.86	20
1967.26	24
1967.66	13
1968.07	20
1968.47	18
1968.87	22
1969.28	20
1969.68	24
1970.09	18
1970.49	18
1970.89	19
1971.3	21
1971.7	15
1972.1	10
1972.51	20
1972.91	22
1973.32	23
1973.72	17
1974.12	20
1974.53	23
1974.93	18
1975.33	18
1975.74	11
1976.14	20
1976.54	19
1976.94	17
1977.35	20
1977.75	18
1978.15	18
1978.56	21
1978.96	19
1979.36	21
1979.77	20
1980.17	14
1980.57	19
1980.98	20
1981.38	20
1981.78	16
1982.18	18
1982.59	11
1982.99	25
1983.39	25
1983.8	20
1984.2	19
1984.6	17
1985	17
1985.41	17
1985.81	17
1986.21	20
1986.61	17
1987.02	19
1987.42	15
1987.82	19
1988.22	15
1988.63	18
1989.03	24
1989.43	18
1989.83	23
1990.24	21
1990.64	18
1991.04	20
1991.44	27
1991.84	19
1992.25	18
1992.65	21
1993.05	15
1993.45	19
1993.86	27
1994.26	21
1994.66	16
1995.06	17
1995.46	20
1995.86	20
1996.27	20
1996.67	19
1997.07	19
1997.47	15
1997.87	19
1998.27	23
1998.68	26
1999.08	28
1999.48	21
1999.88	16
2000.28	23
2000.68	22
2001.09	25
2001.49	19
2001.89	22
2002.29	18
2002.69	17
2003.09	19
2003.49	17
2003.9	20
2004.3	21
2004.7	23
2005.1	18
2005.5	18
2005.9	16
2006.3	20
2006.7	18
2007.1	24
2007.51	21
2007.91	21
2008.31	19
2008.71	22
2009.11	14
2009.51	17
2009.91	16
2010.31	28
2010.71	12
2011.11	15
2011.51	20
2011.91	20
2012.31	11
2012.72	20
2013.12	18
2013.52	16
2013.92	21
2014.32	19
2014.72	19
2015.12	25
2015.52	24
2015.92	18
2016.32	15
2016.72	20
2017.12	17
2017.52	27
2017.92	18
2018.32	12
2018.72	14
2019.12	16
2019.52	24
2019.92	21
2020.32	17
2020.72	26
2021.12	13
2021.52	18
2021.92	28
2022.32	22
2022.72	20
2023.12	18
2023.52	17
2023.92	22
2024.32	17
2024.72	17
2025.12	21
2025.52	18
2025.92	17
2026.32	21
2026.72	22
2027.12	22
2027.52	17
2027.92	25
2028.32	22
2028.72	20
2029.12	14
2029.51	21
2029.91	13
2030.31	18
2030.71	8
2031.11	18
2031.51	19
2031.91	17
2032.31	24
2032.71	18
2033.11	14
2033.51	19
2033.91	18
2034.31	22
2034.7	13
2035.1	15
2035.5	19
2035.9	16
2036.3	19
2036.7	25
2037.1	27
2037.5	13
2037.9	21
2038.29	15
2038.69	16
2039.09	21
2039.49	18
2039.89	25
2040.29	20
2040.69	16
2041.09	20
2041.48	18
2041.88	16
2042.28	20
2042.68	11
2043.08	15
2043.48	20
2043.87	17
2044.27	15
2044.67	16
2045.07	22
2045.47	11
2045.86	12
2046.26	23
2046.66	24
2047.06	22
2047.46	14
2047.86	19
2048.25	17
2048.65	23
2049.05	22
2049.45	26
2049.85	16
2050.24	21
2050.64	19
2051.04	12
2051.44	19
2051.83	13
2052.23	20
2052.63	18
2053.03	17
2053.43	19
2053.82	12
2054.22	13
2054.62	17
2055.02	21
2055.41	23
2055.81	21
2056.21	18
2056.61	19
2057	20
2057.4	17
2057.8	26
2058.2	14
2058.59	22
2058.99	18
2059.39	15
2059.78	18
2060.18	18
2060.58	16
2060.98	18
2061.37	8
2061.77	19
2062.17	19
2062.56	18
2062.96	13
2063.36	23
2063.75	20
2064.15	24
2064.55	20
2064.94	21
2065.34	19
2065.74	16
2066.13	18
2066.53	16
2066.93	23
2067.32	13
2067.72	24
2068.12	17
2068.51	22
2068.91	19
2069.31	21
2069.7	19
2070.1	17
2070.5	13
2070.89	28
2071.29	20
2071.69	13
2072.08	18
2072.48	21
2072.87	15
2073.27	20
2073.67	23
2074.06	22
2074.46	20
2074.85	15
2075.25	24
2075.65	23
2076.04	26
2076.44	21
2076.83	21
2077.23	20
2077.63	18
2078.02	18
2078.42	19
2078.81	20
2079.21	16
2079.6	23
2080	15
2080.4	23
2080.79	17
2081.19	21
2081.58	21
2081.98	9
2082.37	17
2082.77	19
2083.17	17
2083.56	23
2083.96	13
2084.35	13
2084.75	21
2085.14	11
2085.54	21
2085.93	23
2086.33	18
2086.72	17
2087.12	10
2087.51	15
2087.91	21
2088.3	19
2088.7	26
2089.09	19
2089.49	19
2089.88	18
2090.28	21
2090.67	28
2091.07	15
2091.46	20
2091.86	17
2092.25	13
2092.65	20
2093.04	16
2093.44	24
2093.83	22
2094.23	12
2094.62	16
2095.02	20
2095.41	22
2095.8	19
2096.2	15
2096.59	18
2096.99	17
2097.38	22
2097.78	23
2098.17	21
2098.57	22
2098.96	23
2099.35	14
2099.75	19
2100.14	19
2100.54	21
2100.93	14
2101.32	22
2101.72	18
2102.11	11
2102.51	23
2102.9	19
2103.3	22
2103.69	19
2104.08	20
2104.48	22
2104.87	18
2105.27	16
2105.66	28
2106.05	17
2106.45	16
2106.84	18
2107.23	12
2107.63	24
2108.02	19
2108.42	21
2108.81	17
2109.2	19
2109.6	19
2109.99	11
2110.38	14
2110.78	19
2111.17	19
2111.56	11
2111.96	16
2112.35	15
2112.74	22
2113.14	17
2113.53	19
2113.92	17
2114.32	22
2114.71	22
2115.1	24
2115.5	15
2115.89	12
2116.28	14
2116.67	16
2117.07	23
2117.46	23
2117.85	17
2118.25	14
2118.64	14
2119.03	20
2119.42	14
2119.82	20
2120.21	21
2120.6	16
2121	17
2121.39	9
2121.78	19
2122.17	19
2122.57	18
2122.96	17
2123.35	18
2123.74	21
2124.14	17
2124.53	23
2124.92	14
2125.31	16
2125.7	11
2126.1	15
2126.49	24
2126.88	20
2127.27	20
2127.67	22
2128.06	19
2128.45	21
2128.84	19
2129.23	20
2129.63	20
2130.02	18
2130.41	28
2130.8	19
2131.19	23
2131.59	16
2131.98	19
2132.37	18
2132.76	17
2133.15	17
2133.54	19
2133.94	19
2134.33	23
2134.72	15
2135.11	20
2135.5	18
2135.89	19
2136.29	20
2136.68	11
2137.07	19
2137.46	15
2137.85	23
2138.24	21
2138.63	22
2139.03	19
2139.42	24
2139.81	8
2140.2	21
2140.59	17
2140.98	20
2141.37	24
2141.77	28
2142.16	19
2142.55	15
2142.94	13
2143.33	20
2143.72	19
2144.11	15
2144.5	16
2144.89	12
2145.28	17
2145.68	26
2146.07	11
2146.46	16
2146.85	11
2147.24	16
2147.63	24
2148.02	19
2148.41	11
2148.8	19
2149.19	17
2149.58	19
2149.97	19
2150.36	22
2150.75	16
2151.14	13
2151.53	16
2151.92	20
2152.31	22
2152.71	17
2153.1	22
2153.49	15
2153.88	23
2154.27	18
2154.66	15
2155.05	17
2155.44	19
2155.83	14
2156.22	21
2156.61	23
2157	14
2157.39	19
2157.78	20
2158.17	16
2158.56	12
2158.95	14
2159.34	18
2159.73	25
2160.12	15
2160.51	23
2160.9	15
2161.28	20
2161.67	22
2162.06	22
2162.45	19
2162.84	17
2163.23	18
2163.62	17
2164.01	18
2164.4	16
2164.79	23
2165.18	14
2165.57	18
2165.96	15
2166.35	15
2166.74	21
2167.13	16
2167.52	24
2167.91	23
2168.29	12
2168.68	15
2169.07	22
2169.46	23
2169.85	14
2170.24	22
2170.63	12
2171.02	18
2171.41	12
2171.8	14
2172.19	12
2172.57	19
2172.96	22
2173.35	18
2173.74	19
2174.13	17
2174.52	22
2174.91	21
2175.3	10
2175.68	17
2176.07	11
2176.46	24
2176.85	22
2177.24	19
2177.63	13
2178.02	17
2178.4	11
2178.79	25
2179.18	14
2179.57	16
2179.96	16
2180.34	18
2180.73	22
2181.12	16
2181.51	21
2181.9	23
2182.29	26
2182.68	24
2183.06	18
2183.45	20
2183.84	16
2184.23	14
2184.61	17
2185	12
2185.39	19
2185.78	13
2186.17	19
2186.55	16
2186.94	21
2187.33	22
2187.72	20
2188.11	14
2188.49	11
2188.88	14
2189.27	12
2189.66	24
2190.04	24
2190.43	14
2190.82	17
2191.21	15
2191.59	16
2191.98	16
2192.37	21
2192.76	19
2193.14	18
2193.53	9
2193.92	19
2194.3	23
2194.69	21
2195.08	13
2195.47	13
2195.85	15
2196.24	14
2196.63	19
2197.02	19
2197.4	15
2197.79	24
2198.18	10
2198.56	18
2198.95	11
2199.34	16
2199.72	8
2200.11	15
2200.5	18
2200.89	14
2201.27	20
2201.66	6
2202.04	14
2202.43	12
2202.82	12
2203.2	19
2203.59	17
2203.98	18
2204.36	20
2204.75	18
2205.14	14
2205.52	10
2205.91	23
2206.3	15
2206.68	20
2207.07	14
2207.46	17
2207.84	16
2208.23	23
2208.61	24
2209	20
2209.39	20
2209.77	20
2210.16	18
2210.54	16
2210.93	14
2211.32	23.0472
2211.7	18.7666
2212.09	18.0971
2212.47	16.1037
2212.86	21.7717
2213.25	18.0477
2213.63	23.47
2214.02	19.0734
2214.4	18.0015
2214.79	18.1007
2215.18	23.8869
2215.56	12.2627
2215.95	23.5677
2216.33	17.65
2216.72	16.1964
2217.1	22.1809
2217.49	24.0686
2217.88	15.8334
2218.26	17.058
2218.65	18.8483
2219.03	17.4767
2219.42	21.1936
2219.8	14.9749
2220.19	17.8499
2220.57	22.7371
2220.96	15.8482
2221.34	14.5827
2221.73	18.3103
2222.11	20.5453
2222.5	19.3805
2222.88	18.1082
2223.27	18.0636
2223.65	20.7744
2224.04	19.4773
2224.42	15.7188
2224.81	15.1094
2225.19	20.5983
2225.58	16.0595
2225.96	19.2143
2226.35	19.4637
2226.73	16.1563
2227.12	17.2708
2227.5	18.0872
2227.89	16.6406
2228.27	14.9709
2228.66	15.1042
2229.04	16.0642
2229.43	17.6158
2229.81	13.2383
2230.2	15.2658
2230.58	19.3049
2230.96	15.3024
2231.35	16.7507
2231.73	17.4255
2232.12	17.8664
2232.5	20.2653
2232.89	18.0543
2233.27	14.7378
2233.66	19.9277
2234.04	18.2609
2234.43	17.3879
2234.81	20.8079
2235.19	18.4862
2235.58	17.0684
2235.96	24.6056
2236.35	25.5359
2236.73	23.0779
2237.11	15.5986
2237.5	15.0238
2237.88	18.2837
2238.27	19.2587
2238.65	16.7756
2239.03	20.0501
2239.42	17.2475
2239.8	14.4809
2240.19	19.2135
2240.57	18.3906
2240.95	18.5584
2241.34	21.9378
2241.72	17.1127
2242.11	21.1011
2242.49	15.3677
2242.87	16.3334
2243.26	20.3969
2243.64	22.9219
2244.02	23.9488
2244.41	16.6567
2244.79	12.8229
2245.17	15.8861
2245.56	19.7686
2245.94	18.3596
2246.32	23.4711
2246.71	17.6184
2247.09	21.6238
2247.47	22.8484
2247.86	18.5175
2247.9	18
2248.29	27
2248.67	8
2249.06	21
2249.45	15
2249.84	20
2250.23	18
2250.62	13
2251	14
2251.39	16
2251.78	22
2252.17	19
2252.56	22
2252.94	24
2253.33	22
2253.72	11
2254.11	12
2254.49	21
2254.88	24
2255.27	21
2255.66	24
2256.05	20
2256.43	11
2256.82	22
2257.21	20
2257.6	19
2257.99	17
2258.37	19
2258.76	16
2259.15	21
2259.53	20
2259.92	16
2260.31	25
2260.7	17
2261.09	22
2261.47	16
2261.86	13
2262.25	20
2262.64	21
2263.02	22
2263.41	20
2263.8	19
2264.18	14
2264.57	13
2264.96	10
2265.35	26
2265.73	24
2266.12	18
2266.51	18
2266.89	22
2267.28	22
2267.67	19
2268.05	17
2268.44	23
2268.83	15
2269.21	18
2269.6	21
2269.99	18
2270.37	11
2270.76	17
2271.15	20
2271.53	14
2271.92	21
2272.31	18
2272.69	20
2273.08	19
2273.47	15
2273.85	16
2274.24	17
2274.63	13
2275.01	23
2275.4	16
2275.79	21
2276.17	24
2276.56	20
2276.94	18
2277.33	18
2277.72	19
2278.1	19
2278.49	16
2278.87	14
2279.26	19
2279.65	22
2280.03	20
2280.42	16
2280.81	17
2281.19	17
2281.58	19
2281.96	25
2282.35	17
2282.74	21
2283.12	14
2283.51	18
2283.89	17
2284.28	21
2284.66	15
2285.05	24
2285.43	13
2285.82	18
2286.21	15
2286.59	21
2286.98	16
2287.36	17
2287.75	14
2288.13	19
2288.52	17
2288.9	20
2289.29	22
2289.68	21
2290.06	21
2290.45	20
2290.83	19
2291.22	24
2291.6	21
2291.99	17
2292.37	14
2292.76	25
2293.14	19
2293.53	16
2293.91	25
2294.3	16
2294.68	20
2295.07	23
2295.45	20
2295.84	21
2296.22	18
2296.61	14
2296.99	20
2297.38	19
2297.76	15
2298.15	12
2298.53	22
2298.91	20
2299.3	19
2299.68	21
2300.07	12
2300.45	13
2300.84	21
2301.22	15
2301.61	16
2301.99	19
2302.38	19
2302.76	20
2303.14	26
2303.53	8
2303.91	20
2304.3	8
2304.68	25
2305.07	24
2305.45	17
2305.84	20
2306.22	20
2306.6	17
2306.99	15
2307.37	20
2307.76	21
2308.14	12
2308.52	25
2308.91	20
2309.29	20
2309.68	20
2310.06	14
2310.44	33
2310.83	17
2311.21	20
2311.59	16
2311.98	8
2312.36	22
2312.75	27
2313.13	24
2313.51	21
2313.9	23
2314.28	24
2314.66	12
2315.05	25
2315.43	23
2315.81	24
2316.2	11
2316.58	21
2316.96	20
2317.35	17
2317.73	20
2318.11	17
2318.5	15
2318.88	20
2319.26	18
2319.65	9
2320.03	24
2320.41	19
2320.8	21
2321.18	16
2321.56	12
2321.95	8
2322.33	22
2322.71	22
2323.09	22
2323.48	12
2323.86	16
2324.24	13
2324.63	18
2325.01	23
2325.39	20
2325.77	17
2326.16	19
2326.54	23
2326.92	20
2327.3	24
2327.69	19
2328.07	18
2328.45	30
2328.84	21
2329.22	22
2329.6	20
2329.98	22
2330.37	22
2330.75	24
2331.13	25
2331.51	15
2331.89	17
2332.28	21
2332.66	20
2333.04	16
2333.42	16
2333.81	19
2334.19	19
2334.57	19
2334.95	18
2335.33	16
2335.71	23
2336.1	22
2336.48	17
2336.86	16
2337.24	15
2337.62	18
2338.01	18
2338.39	19
2338.77	26
2339.15	20
2339.53	18
2339.92	10
2340.3	23
2340.68	14
2341.06	16
2341.44	18
2341.82	27
2342.2	17
2342.59	15
2342.97	15
2343.35	17
2343.73	21
2344.11	20
2344.49	23
2344.88	24
2345.26	16
2345.64	23
2346.02	16
2346.4	25
2346.78	24
2347.16	23
2347.54	23
2347.93	18
2348.31	21
2348.69	25
2349.07	14
2349.45	21
2349.83	17
2350.21	12
2350.59	16
2350.97	19
2351.35	19
2351.74	14
2352.12	21
2352.5	10
2352.88	26
2353.26	15
2353.64	20
2354.02	17
2354.4	26
2354.78	20
2355.16	17
2355.54	17
2355.92	25
2356.3	24
2356.68	25
2357.06	16
2357.44	25
2357.83	16
2358.21	22
2358.59	18
2358.97	17
2359.35	17
2359.73	21
2360.11	15
2360.49	16
2360.87	27
2361.25	11
2361.63	18
2362.01	24
2362.39	24
2362.77	14
2363.15	17
2363.53	14
2363.91	19
2364.29	17
2364.67	22
2365.05	12
2365.43	21
2365.81	25
2366.19	28
2366.57	17
2366.95	25
2367.33	15
2367.71	24
2368.09	15
2368.47	20
2368.85	23
2369.23	29
2369.6	17
2369.98	24
2370.36	18
2370.74	29
2371.12	12
2371.5	21
2371.88	22
2372.26	20
2372.64	14
2373.02	24
2373.4	21
2373.78	14
2374.16	24
2374.54	24
2374.92	22
2375.3	17
2375.68	21
2376.05	14
2376.43	24
2376.81	24
2377.19	23
2377.57	24
2377.95	17
2378.33	25
2378.71	14
2379.08	26
2379.46	17
2379.84	27
2380.22	19
2380.6	22
2380.98	20
2381.36	30
2381.74	17
2382.12	24
2382.49	19
2382.87	25
2383.25	14
2383.63	21
2384.01	21
2384.39	20
2384.77	22
2385.14	28
2385.52	31
2385.9	26
2386.28	12
2386.66	22
2387.04	13
2387.41	18
2387.79	18
2388.17	25
2388.55	23
2388.93	21
2389.3	23
2389.68	20
2390.06	21
2390.44	22
2390.82	3
2391.19	14
2391.57	27
2391.95	23
2392.33	20
2392.71	21
2393.09	24
2393.46	21
2393.84	24
2394.22	17
2394.6	24
2394.97	15
2395.35	18
2395.73	21
2396.11	18
2396.48	20
2396.86	24
2397.24	16
2397.62	23
2397.99	18
2398.37	19
2398.75	20
2399.13	18
2399.5	19
2399.88	19
2400.26	19
2400.64	24
2401.01	18
2401.39	21
2401.77	18
2402.15	24
2402.52	19
2402.9	17
2403.28	24
2403.65	19
2404.03	23
2404.41	20
2404.79	21
2405.16	19
2405.54	24
2405.92	24
2406.29	29
2406.67	18
2407.05	14
2407.42	16
2407.8	15
2408.18	21
2408.55	21
2408.93	13
2409.31	16
2409.68	23
2410.06	19
2410.44	20
2410.81	28
2411.19	16
2411.57	17
2411.94	17
2412.32	19
2412.7	31
2413.07	22
2413.45	23
2413.82	17
2414.2	22
2414.58	27
2414.95	23
2415.33	26
2415.71	20
2416.08	22
2416.46	12
2416.83	24
2417.21	27
2417.59	20
2417.96	14
2418.34	25
2418.72	19
2419.09	32
2419.47	23
2419.84	21
2420.22	25
2420.6	27
2420.97	18
2421.35	17
2421.72	23
2422.1	22
2422.47	26
2422.85	19
2423.22	17
2423.6	28
2423.98	22
2424.35	23
2424.73	25
2425.1	31
2425.48	25
2425.86	26
2426.23	19
2426.61	22
2426.98	30
2427.36	23
2427.73	30
2428.11	30
2428.48	17
2428.86	21
2429.23	26
2429.61	24
2429.98	22
2430.36	27
2430.73	18
2431.11	21
2431.48	29
2431.86	24
2432.23	23
2432.61	19
2432.98	26
2433.36	24
2433.73	18
2434.11	22
2434.48	27
2434.86	23
2435.23	26
2435.61	26
2435.98	30
2436.36	26
2436.73	20
2437.11	15
2437.48	27
2437.85	24
2438.23	26
2438.6	26
2438.98	24
2439.35	25
2439.73	23
2440.1	13
2440.48	20
2440.85	28
2441.23	21
2441.6	17
2441.97	18
2442.35	23
2442.72	21
2443.1	27
2443.47	25
2443.85	22
2444.22	22
2444.59	27
2444.97	36
2445.34	21
2445.72	20
2446.09	24
2446.46	20
2446.84	24
2447.21	23
2447.59	16
2447.96	33
2448.33	31
2448.71	27
2449.08	23
2449.46	22
2449.83	34
2450.2	25
2450.58	27
2450.95	26
2451.32	23
2451.7	28
2452.07	21
2452.44	26
2452.82	27
2453.19	26
2453.56	33
2453.94	24
2454.31	26
2454.69	22
2455.06	28
2455.43	25
2455.8	25
2456.18	26
2456.55	27
2456.92	26
2457.3	20
2457.67	27
2458.05	25
2458.42	33
2458.79	32
2459.16	22
2459.54	27
2459.91	11
2460.28	29
2460.66	23
2461.03	18
2461.4	26
2461.77	23
2462.15	26
2462.52	22
2462.89	29
2463.27	21
2463.64	24
2464.01	23
2464.38	24
2464.76	22
2465.13	33
2465.5	21
2465.87	28
2466.25	26
2466.62	28
2466.99	18
2467.37	23
2467.74	27
2468.11	20
2468.48	29
2468.85	23
2469.23	27
2469.6	29
2469.97	15
2470.34	18
2470.72	24
2471.09	24
2471.46	21
2471.83	25
2472.2	23
2472.58	25
2472.95	26
2473.32	26
2473.69	28
2474.06	31
2474.44	30
2474.81	23
2475.18	24
2475.55	33
2475.92	33
2476.3	30
2476.67	22
2477.04	24
2477.41	32
2477.78	28
2478.15	20
2478.53	29
2478.9	25
2479.27	25
2479.64	23
2480.01	28
2480.38	20
2480.76	17
2481.13	16
2481.5	26
2481.87	23
2482.24	21
2482.61	22
2482.98	24
2483.35	24
2483.73	24
2484.1	23
2484.47	13
2484.84	25
2485.21	24
2485.58	36
2485.95	28
2486.32	20
2486.7	18
2487.07	30
2487.44	18
2487.81	30
2488.18	22
2488.55	23
2488.92	20
2489.29	25
2489.66	28
2490.03	27
2490.41	27
2490.78	25
2491.15	22
2491.52	23
2491.89	20
2492.26	25
2492.63	22
2493	23
2493.37	24
2493.74	24
2494.11	20
2494.48	23
2494.85	17
2495.22	20
2495.59	20
2495.96	26
2496.33	25
2496.7	21
2497.07	27
2497.45	26
2497.81	18
2498.19	21
2498.55	24
2498.93	20
2499.3	23
2499.67	26
2500.04	29
2500.41	13
2500.78	29
2501.15	18
2501.52	30
2501.89	27
2502.26	25
2502.63	25
2503	29
2503.37	24
2503.74	22
2504.1	25
2504.48	32
2504.84	21
2505.22	23
2505.58	23
2505.95	17
2506.32	22
2506.69	11
2507.06	24
2507.43	20
2507.8	27
2508.17	25
2508.54	20
2508.91	26
2509.28	24
2509.65	25
2510.02	24
2510.39	21
2510.76	28
2511.13	30
2511.49	20
2511.86	25
2512.23	26
2512.6	24
2512.97	17
2513.34	22
2513.71	17
2514.08	22
2514.45	30
2514.82	27
2515.19	28
2515.56	25
2515.92	20
2516.29	18
2516.66	25
2517.03	17
2517.4	18
2517.77	29
2518.14	28
2518.51	24
2518.88	25
2519.24	22
2519.61	24
2519.98	21
2520.35	28
2520.72	26
2521.09	23
2521.46	24
2521.82	23
2522.19	24
2522.56	23
2522.93	22
2523.3	20
2523.67	26
2524.03	30
2524.4	21
2524.77	21
2525.14	25
2525.51	26
2525.88	28
2526.24	24
2526.61	22
2526.98	31
2527.35	23
2527.72	24
2528.08	25
2528.45	27
2528.82	18
2529.19	24
2529.56	27
2529.92	25
2530.29	25
2530.66	21
2531.03	34
2531.4	28
2531.76	26
2532.13	22
2532.5	24
2532.87	14
2533.23	26
2533.6	17
2533.97	19
2534.34	28
2534.7	28
2535.07	26
2535.44	19
2535.81	27
2536.17	23
2536.54	26
2536.91	30
2537.28	28
2537.64	26
2538.01	29
2538.38	29
2538.74	29
2539.11	25
2539.48	32
2539.85	29
2540.21	29
2540.58	17
2540.95	23
2541.32	28
2541.68	25
2542.05	13
2542.42	22
2542.78	20
2543.15	16
2543.52	26
2543.88	27
2544.25	29
2544.62	23
2544.98	22
2545.35	30
2545.72	17
2546.09	22
2546.45	20
2546.82	27
2547.19	27
2547.55	21
2547.92	28
2548.29	24
2548.65	25
2549.02	25
2549.39	30
2549.75	30
2550.12	22
2550.48	29
2550.85	20
2551.22	28
2551.58	25
2551.95	29
2552.31	33
2552.68	29
2553.05	24
2553.41	21
2553.78	20
2554.15	33
2554.51	25
2554.88	30
2555.24	25
2555.61	26
2555.98	26
2556.34	20
2556.71	26
2557.07	22
2557.44	19
2557.81	21
2558.17	25
2558.54	15
2558.9	30.0571
2559.27	22.0751
2559.64	23.9288
2560	24.9279
2560.37	27.8137
2560.73	32.4707
2561.1	21.0008
2561.46	22.0351
2561.83	21.4703
2562.19	26.1998
2562.56	19.69
2562.93	19.4914
2563.29	21.0663
2563.66	20.3002
2564.02	25.1324
2564.39	30.5
2564.75	23.9245
2565.12	21.579
2565.48	22.7124
2565.85	19.9826
2566.21	24.1154
2566.58	23.7402
2566.94	31.6752
2567.31	27.2313
2567.67	24.6554
2568.04	27.1703
2568.4	27.2363
2568.77	23.6921
2569.14	22.9635
2569.5	27.7524
2569.86	24.9492
2570.23	26.3662
2570.6	29
2570.96	28.0277
2571.32	23
2571.69	29.7888
2572.05	27.8489
2572.42	32.6786
2572.78	30.371
2573.15	24.6773
2573.51	25.6062
2573.88	29.9277
2574.24	31.5768
2574.61	28.0624
2574.97	30.0037
2575.34	30.9981
2575.7	29.3814
2576.07	24.0275
2576.43	23.3656
2576.79	29.8668
2577.16	30.2986
2577.52	27.5803
2577.89	25.5
2578.25	30.1817
2578.62	24.1134
2578.98	25.7009
2579.34	29.758
2579.71	25.5508
2580.07	32.4041
2580.44	28.009
2580.8	23.8143
2581.17	25.4475
2581.53	28.4389
2581.89	30.6697
2582.26	25.5339
2582.62	28
2582.99	21.7814
2583.35	24.4935
2583.71	25.6877
2584.08	29.0735
2584.44	29.2504
2584.81	29.8917
2585.17	29.1141
2585.53	28.453
2585.9	30.5635
2586.26	28.0067
2586.63	26.3534
2586.99	29.5764
2587.35	29.1669
2587.72	29.6561
2588.08	29.11
2588.44	30.4814
2588.81	30.0152
2589.17	29.1978
2589.53	29.6012
2589.9	30.5916
2590.26	26.9026
2590.62	28.1957
2590.99	29.7103
2591.35	33.9067
2591.71	33.4124
2592.08	29.0976
2592.44	29.4527
2592.81	31.1704
2593.17	30.0135
2593.53	25.5468
2593.89	26.729
2594.26	26.2829
2594.62	26.2332
2594.98	28.5168
2595.35	28.9775
2595.71	31.4428
2596.07	24.9507
2596.44	29.6186
2596.8	33.2168
2597.09	27
2597.46	27
2597.82	31
2598.19	30
2598.56	42
2598.93	28
2599.29	35
2599.66	26
2600.03	29
2600.4	31
2600.76	33
2601.13	31
2601.5	36
2601.87	35
2602.23	40
2602.6	32
2602.97	32
2603.34	27
2603.7	23
2604.07	31
2604.44	37
2604.81	33
2605.17	31
2605.54	37
2605.91	35
2606.28	24
2606.64	31
2607.01	36
2607.38	37
2607.74	32
2608.11	27
2608.48	27
2608.85	40
2609.21	30
2609.58	33
2609.95	32
2610.31	42
2610.68	47
2611.05	35
2611.42	35
2611.78	39
2612.15	36
2612.52	26
2612.88	37
2613.25	39
2613.61	40
2613.98	25
2614.35	39
2614.72	30
2615.08	44
2615.45	34
2615.82	37
2616.18	36
2616.55	37
2616.91	34
2617.28	32
2617.65	44
2618.01	37
2618.38	51
2618.75	32
2619.11	30
2619.48	42
2619.84	44
2620.21	40
2620.58	41
2620.94	40
2621.31	42
2621.68	32
2622.04	41
2622.41	38
2622.77	34
2623.14	38
2623.51	33
2623.87	38
2624.24	33
2624.6	46
2624.97	40
2625.34	40
2625.7	30
2626.07	46
2626.43	41
2626.8	41
2627.17	42
2627.53	48
2627.9	33
2628.26	53
2628.63	44
2628.99	44
2629.36	42
2629.72	47
2630.09	41
2630.46	44
2630.82	39
2631.19	53
2631.55	48
2631.92	41
2632.28	48
2632.65	51
2633.01	53
2633.38	46
2633.74	45
2634.11	44
2634.47	42
2634.84	45
2635.2	45
2635.57	56
2635.94	57
2636.3	42
2636.66	46
2637.03	48
2637.4	43
2637.76	47
2638.13	44
2638.49	52
2638.85	51
2639.22	52
2639.58	47
2639.95	47
2640.31	49
2640.68	50
2641.04	42
2641.41	47
2641.77	50
2642.14	47
2642.5	43
2642.87	54
2643.23	51
2643.6	57
2643.96	47
2644.32	53
2644.69	63
2645.05	61
2645.42	49
2645.78	53
2646.15	55
2646.51	62
2646.88	54
2647.24	63
2647.6	51
2647.97	52
2648.33	62
2648.7	52
2649.06	68
2649.43	57
2649.79	59
2650.15	52
2650.52	53
2650.88	55
2651.25	68
2651.61	59
2651.97	68
2652.34	61
2652.7	66
2653.06	66
2653.43	72
2653.79	70
2654.16	62
2654.52	61
2654.88	58
2655.25	69
2655.61	67
2655.98	71
2656.34	63
2656.7	67
2657.07	70
2657.43	74
2657.79	72
2658.16	66
2658.52	55
2658.88	79
2659.25	58
2659.61	65
2659.97	67
2660.34	78
2660.7	74
2661.07	80
2661.43	77
2661.79	87
2662.15	74
2662.52	74
2662.88	83
2663.24	71
2663.61	70
2663.97	81
2664.33	72
2664.7	77
2665.06	71
2665.42	79
2665.79	87
2666.15	75
2666.51	76
2666.87	88
2667.24	77
2667.6	81
2667.96	78
2668.33	87
2668.69	83
2669.05	81
2669.41	82
2669.78	90
2670.14	66
2670.5	91
2670.86	90
2671.23	79
2671.59	75
2671.95	90
2672.32	91
2672.68	91
2673.04	92
2673.4	82
2673.76	104
2674.13	76
2674.49	84
2674.85	85
2675.21	97
2675.58	95
2675.94	85
2676.3	84
2676.66	98
2677.02	94
2677.39	83
2677.75	90
2678.11	84
2678.47	97
2678.84	105
2679.2	93
2679.56	91
2679.92	87
2680.28	93
2680.64	94
2681.01	91
2681.37	95
2681.73	101
2682.09	85
2682.46	100
2682.82	101
2683.18	94
2683.54	109
2683.9	96
2684.26	106
2684.62	112
2684.99	99
2685.35	93
2685.71	92
2686.07	94
2686.43	92
2686.79	105
2687.16	95
2687.52	111
2687.88	96
2688.24	95
2688.6	108
2688.96	96
2689.32	105
2689.68	96
2690.05	101
2690.41	100
2690.77	112
2691.13	102
2691.49	82
2691.85	103
2692.21	94
2692.57	109
2692.94	104
2693.3	106
2693.66	108
2694.02	106
2694.38	93
2694.74	106
2695.1	98
2695.46	99
2695.82	106
2696.18	113
2696.54	109
2696.91	96
2697.27	108
2697.63	107
2697.99	104
2698.35	103
2698.71	104
2699.07	97
2699.43	104
2699.79	93
2700.15	105
2700.51	106
2700.87	96
2701.23	103
2701.59	102
2701.95	93
2702.31	97
2702.67	106
2703.03	92
2703.39	96
2703.75	95
2704.11	90
2704.47	105
2704.84	108
2705.2	91
2705.56	118
2705.92	94
2706.28	110
2706.64	96
2707	89
2707.36	100
2707.72	86
2708.08	90
2708.44	99
2708.8	88
2709.16	93
2709.52	88
2709.88	81
2710.23	93
2710.59	66
2710.95	97
2711.31	90
2711.67	90
2712.03	91
2712.39	81
2712.75	99
2713.11	80
2713.47	90
2713.83	80
2714.19	88
2714.55	74
2714.91	93
2715.27	85
2715.63	91
2715.99	93
2716.35	88
2716.71	92
2717.07	89
2717.42	68
2717.78	87
2718.14	92
2718.5	85
2718.86	81
2719.22	81
2719.58	82
2719.94	77
2720.3	84
2720.66	82
2721.02	86
2721.38	76
2721.73	73
2722.09	84
2722.45	81
2722.81	87
2723.17	72
2723.53	75
2723.89	68
2724.25	81
2724.61	68
2724.96	77
2725.32	73
2725.68	74
2726.04	64
2726.4	67
2726.76	61
2727.12	79
2727.48	64
2727.83	71
2728.19	67
2728.55	62
2728.91	76
2729.27	65
2729.63	70
2729.98	70
2730.34	56
2730.7	62
2731.06	62
2731.42	64
2731.77	52
2732.13	61
2732.49	56
2732.85	66
2733.21	65
2733.57	60
2733.92	55
2734.28	58
2734.64	61
2735	70
2735.36	52
2735.71	60
2736.07	56
2736.43	53
2736.79	69
2737.15	64
2737.5	68
2737.86	59
2738.22	57
2738.58	55
2738.93	53
2739.29	59
2739.65	55
2740.01	49
2740.37	44
2740.72	37
2741.08	57
2741.44	55
2741.8	51
2742.15	53
2742.51	54
2742.87	52
2743.23	48
2743.58	58
2743.94	66
2744.3	45
2744.66	54
2745.01	50
2745.37	56
2745.73	51
2746.08	52
2746.44	55
2746.8	55
2747.16	50
2747.51	50
2747.87	51
2748.23	53
2748.58	51
2748.94	33
2749.3	55
2749.66	36
2750.01	41
2750.37	40
2750.73	31
2751.08	46
2751.44	51
2751.8	47
2752.15	41
2752.51	35
2752.87	67
2753.22	44
2753.58	41
2753.94	51
2754.29	40
2754.65	37
2755.01	41
2755.36	38
2755.72	46
2756.08	48
2756.43	39
2756.79	48
2757.15	40
2757.5	47
2757.86	47
2758.21	42
2758.57	41
2758.93	36
2759.28	45
2759.64	19
2760	39
2760.35	36
2760.71	44
2761.06	29
2761.42	36
2761.78	38
2762.13	35
2762.49	35
2762.85	42
2763.2	32
2763.56	36
2763.91	36
2764.27	36
2764.63	38
2764.98	43
2765.34	30
2765.69	34
2766.05	33
2766.4	42
2766.76	22
2767.12	32
2767.47	39
2767.83	34
2768.18	38
2768.54	31
2768.89	38
2769.25	37
2769.6	36
2769.96	32
2770.32	38
2770.67	31
2771.03	33
2771.38	34
2771.74	40
2772.09	38
2772.45	37
2772.8	38
2773.16	31
2773.51	32
2773.87	34
2774.22	36
2774.58	31
2774.93	34
2775.29	39
2775.64	33
2776	43
2776.35	32
2776.71	31
2777.06	36
2777.42	27
2777.77	39
2778.13	33
2778.48	35
2778.84	38
2779.19	31
2779.55	29
2779.9	30
2780.26	29
2780.61	32
2780.97	19
2781.32	35
2781.68	33
2782.03	29
2782.39	38
2782.74	32
2783.1	27
2783.45	30
2783.8	33
2784.16	29
2784.51	36
2784.87	30
2785.22	34
2785.58	30
2785.93	36
2786.29	31
2786.64	27
2786.99	27
2787.35	25
2787.7	37
2788.06	28
2788.41	35
2788.77	33
2789.12	37
2789.47	34
2789.83	26
2790.18	24
2790.54	24
2790.89	26
2791.24	34
2791.6	31
2791.95	28
2792.3	27
2792.66	28
2793.01	29
2793.37	35
2793.72	32
2794.07	26
2794.43	27
2794.78	29
2795.13	30
2795.49	24
2795.84	33
2796.2	20
2796.55	26
2796.9	25
2797.26	27
2797.61	21
2797.96	22
2798.32	28
2798.67	23
2799.03	30
2799.38	33
2799.73	21
2800.08	25
2800.44	25
2800.79	28
2801.14	28
2801.5	30
2801.85	33
2802.2	27
2802.56	18
2802.91	24
2803.26	32
2803.62	32
2803.97	23
2804.32	21
2804.68	30
2805.03	20
2805.38	23
2805.73	28
2806.09	24
2806.44	33
2806.79	29
2807.15	25
2807.5	31
2807.85	22
2808.2	32
2808.56	24
2808.91	27
2809.26	30
2809.61	28
2809.97	27
2810.32	27
2810.67	25
2811.03	30
2811.38	31
2811.73	17
2812.08	24
2812.44	24
2812.79	25
2813.14	29
2813.49	32
2813.85	28
2814.2	32
2814.55	20
2814.9	30
2815.25	28
2815.61	27
2815.96	29
2816.31	22
2816.66	29
2817.02	23
2817.37	30
2817.72	35
2818.07	28
2818.42	24
2818.77	27
2819.13	28
2819.48	22
2819.83	21
2820.18	22
2820.54	22
2820.89	26
2821.24	25
2821.59	26
2821.94	26
2822.29	22
2822.65	31
2823	32
2823.35	23
2823.7	33
2824.05	29
2824.4	29
2824.76	25
2825.11	29
2825.46	38
2825.81	34
2826.16	24
2826.51	23
2826.86	29
2827.21	24
2827.57	31
2827.92	25
2828.27	19
2828.62	26
2828.97	29
2829.32	34
2829.67	31
2830.02	26
2830.38	23
2830.73	30
2831.08	26
2831.43	22
2831.78	32
2832.13	22
2832.48	24
2832.83	23
2833.19	30
2833.54	33
2833.89	30
2834.24	23
2834.59	31
2834.94	39
2835.29	14
2835.64	33
2835.99	28
2836.34	23
2836.69	29
2837.04	26
2837.39	27
2837.75	27
2838.09	25
2838.45	23
2838.8	24
2839.15	26
2839.5	26
2839.85	26
2840.2	19
2840.55	25
2840.9	30
2841.25	29
2841.6	28
2841.95	23
2842.3	25
2842.65	26
2843	32
2843.35	28
2843.7	25
2844.05	27
2844.4	24
2844.75	34
2845.1	25
2845.45	20
2845.8	27
2846.15	31
2846.5	29
2846.85	29
2847.2	25
2847.55	19
2847.9	27
2848.25	31
2848.6	29
2848.95	31
2849.3	20
2849.65	29
2850	36
2850.35	28
2850.7	35
2851.05	24
2851.4	25
2851.75	20
2852.1	33
2852.45	24
2852.8	30
2853.15	23
2853.5	19
2853.85	21
2854.2	26
2854.54	31
2854.89	32
2855.24	24
2855.59	22
2855.94	24
2856.29	29
2856.64	29
2856.99	22
2857.34	19
2857.69	30
2858.04	31
2858.39	33
2858.74	28
2859.08	19
2859.43	25
2859.78	24
2860.13	29
2860.48	33
2860.83	28
2861.18	28
2861.53	21
2861.88	22
2862.23	14
2862.57	14
2862.92	36
2863.27	22
2863.62	37
2863.97	29
2864.32	23
2864.67	18
2865.02	23
2865.36	32
2865.71	32
2866.06	33
2866.41	20
2866.76	28
2867.11	26
2867.45	22
2867.8	27
2868.15	34
2868.5	28
2868.85	25
2869.2	28
2869.54	35
2869.89	29
2870.24	27
2870.59	30
2870.94	26
2871.29	22
2871.63	28
2871.98	19
2872.33	18
2872.68	21
2873.03	30
2873.37	31
2873.72	22
2874.07	31
2874.42	25
2874.77	20
2875.11	30
2875.46	20
2875.81	25
2876.16	35
2876.51	29
2876.85	31
2877.2	25
2877.55	29
2877.9	25
2878.24	32
2878.59	29
2878.94	26
2879.29	23
2879.63	31
2879.98	28
2880.33	32
2880.68	18
2881.02	23
2881.37	28
2881.72	23
2882.07	31
2882.42	19
2882.76	31
2883.11	24
2883.46	25
2883.8	30
2884.15	32
2884.5	23
2884.85	22
2885.19	26
2885.54	24
2885.89	33
2886.23	29
2886.58	29
2886.93	25
2887.28	17
2887.62	26
2887.97	26
2888.32	27
2888.66	27.0724
2889.01	25.8169
2889.36	30.9048
2889.7	29.0649
2890.05	31
2890.4	23.6203
2890.74	35.4127
2891.09	22.686
2891.44	28.4972
2891.79	24.6405
2892.13	26.511
2892.48	32.8068
2892.82	22.6199
2893.17	32.7947
2893.52	25.5675
2893.86	30.7643
2894.21	29.1734
2894.56	31.598
2894.9	27.1515
2895.25	24.5571
2895.6	27.3603
2895.94	36.6919
2896.29	24.2867
2896.64	25.525
2896.98	27.2753
2897.33	30.1513
2897.67	32.9905
2898.02	31.3016
2898.37	26.8381
2898.71	27.3366
2899.06	27.2523
2899.41	29.8513
2899.75	28.2569
2900.1	23.1639
2900.44	34.4204
2900.79	26.9898
2901.14	25.2261
2901.48	32.3266
2901.83	34.3307
2902.17	24.069
2902.52	26.2718
2902.87	31.4145
2903.21	33.7522
2903.56	34.785
2903.9	34.1841
2904.25	24.6386
2904.59	28.4289
2904.94	33.794
2905.29	36.662
2905.63	31.5201
2905.98	31.6712
2906.32	28.8768
2906.67	30.3553
2907.01	25.413
2907.36	30.0992
2907.71	35.3398
2908.05	30.3796
2908.4	33.2127
2908.74	29.6842
2909.09	34.5656
2909.43	30.6434
2909.78	26.488
2910.12	31.2899
2910.47	32.3269
2910.82	34.1738
2911.16	29.5609
2911.5	28.8181
2911.85	29.7857
2912.2	33.1437
2912.54	32.6333
2912.89	34.2305
2913.23	33.8138
2913.58	28.9079
2913.92	31.7458
2914.27	29.4647
2914.61	35.5572
2914.96	29.2
2915.3	30.1732
2915.65	34.8826
2915.99	36.7557
2916.34	29.5439
2916.68	28.0022
2917.03	26.2401
2917.37	31.0772
2917.72	29.5606
2918.06	35.8537
2918.41	33.4551
2918.75	30.8333
2919.09	35.645
2919.44	37.7059
2919.78	38.5701
2920.13	37.196
2920.47	34.0699
2920.82	34.0647
2921.16	36.6819
2921.51	33.2524
2921.85	34.0162
2922.2	37.584
2922.54	33.4338
2922.88	28.8368
2923.23	31.2685
2923.57	33.7402
2923.92	30.8392
2924.26	34.5277
2924.61	27.5051
2924.74	21
2925.09	39
2925.44	31
2925.79	34
2926.14	30
2926.48	32
2926.83	28
2927.18	34
2927.53	36
2927.88	32
2928.23	42
2928.58	31
2928.93	38
2929.28	30
2929.62	42
2929.97	34
2930.32	28
2930.67	33
2931.02	31
2931.37	20
2931.72	27
2932.06	38
2932.41	35
2932.76	33
2933.11	30
2933.46	33
2933.81	30
2934.16	33
2934.5	31
2934.85	29
2935.2	39
2935.55	39
2935.9	29
2936.25	44
2936.59	34
2936.94	37
2937.29	33
2937.64	33
2937.99	32
2938.33	35
2938.68	37
2939.03	37
2939.38	39
2939.73	36
2940.08	41
2940.42	29
2940.77	32
2941.12	35
2941.47	37
2941.81	36
2942.16	30
2942.51	26
2942.86	35
2943.21	24
2943.55	42
2943.9	29
2944.25	29
2944.6	37
2944.94	38
2945.29	31
2945.64	42
2945.99	37
2946.34	35
2946.68	45
2947.03	28
2947.38	36
2947.72	37
2948.07	37
2948.42	34
2948.77	39
2949.11	39
2949.46	40
2949.81	31
2950.16	33
2950.5	35
2950.85	33
2951.2	34
2951.55	42
2951.89	36
2952.24	30
2952.59	33
2952.93	32
2953.28	36
2953.63	35
2953.98	33
2954.32	32
2954.67	34
2955.02	31
2955.36	27
2955.71	34
2956.06	34
2956.4	40
2956.75	28
2957.1	29
2957.44	33
2957.79	39
2958.14	31
2958.48	37
2958.83	32
2959.18	38
2959.52	32
2959.87	28
2960.22	39
2960.56	35
2960.91	29
2961.26	22
2961.6	29
2961.95	37
2962.3	29
2962.64	39
2962.99	35
2963.33	31
2963.68	33
2964.03	34
2964.37	30
2964.72	38
2965.07	28
2965.41	36
2965.76	31
2966.11	31
2966.45	35
2966.8	39
2967.14	24
2967.49	35
2967.84	34
2968.18	44
2968.53	35
2968.87	30
2969.22	28
2969.57	27
2969.91	29
2970.26	33
2970.6	32
2970.95	28
2971.29	24
2971.64	32
2971.99	28
2972.33	22
2972.68	36
2973.02	30
2973.37	36
2973.72	35
2974.06	27
2974.41	36
2974.75	27
2975.1	23
2975.44	31
2975.79	27
2976.13	32
2976.48	24
2976.82	31
2977.17	33
2977.51	27
2977.86	33
2978.21	30
2978.55	30
2978.9	32
2979.24	21
2979.59	33
2979.93	26
2980.28	29
2980.62	27
2980.97	20
2981.31	28
2981.66	21
2982	24
2982.35	29
2982.69	31
2983.04	26
2983.38	30
2983.73	31
2984.07	26
2984.42	24
2984.76	26
2985.11	31
2985.45	26
2985.8	29
2986.14	24
2986.49	28
2986.83	14
2987.18	22
2987.52	27
2987.86	26
2988.21	25
2988.55	42
2988.9	27
2989.24	26
2989.59	25
2989.93	24
2990.28	26
2990.62	32
2990.97	23
2991.31	31
2991.65	30
2992	34
2992.34	30
2992.69	27
2993.03	25
2993.38	28
2993.72	35
2994.06	31
2994.41	22
2994.75	32
2995.1	27
2995.44	27
2995.78	23
2996.13	25
2996.47	22
2996.82	23
2997.16	29
2997.5	23
2997.85	24
2998.19	23
2998.54	26
2998.88	24
2999.22	27
2999.57	23
2999.91	24
3000.26	30
3000.6	34
3000.94	26
3001.29	25
3001.63	32
3001.97	26
3002.32	19
3002.66	25
3003	26
3003.35	18
3003.69	19
3004.03	25
3004.38	31
3004.72	28
3005.07	33
3005.41	25
3005.75	30
3006.09	22
3006.44	24
3006.78	28
3007.12	20
3007.47	24
3007.81	20
3008.16	28
3008.5	18
3008.84	27
3009.18	21
3009.53	24
3009.87	21
3010.21	27
3010.56	20
3010.9	10
3011.24	28
3011.59	20
3011.93	21
3012.27	26
3012.61	24
3012.96	18
3013.3	24
3013.64	23
3013.98	21
3014.33	33
3014.67	27
3015.01	24
3015.36	17
3015.7	24
3016.04	22
3016.38	21
3016.73	21
3017.07	23
3017.41	15
3017.75	17
3018.1	24
3018.44	22
3018.78	27
3019.12	24
3019.47	16
3019.81	19
3020.15	22
3020.49	28
3020.84	20
3021.18	20
3021.52	19
3021.86	20
3022.2	25
3022.55	24
3022.89	24
3023.23	21
3023.57	23
3023.91	24
3024.26	17
3024.6	27
3024.94	7
3025.28	25
3025.62	21
3025.97	21
3026.31	18
3026.65	29
3026.99	22
3027.33	21
3027.68	17
3028.02	24
3028.36	28
3028.7	26
3029.04	17
3029.38	23
3029.73	24
3030.07	24
3030.41	24
3030.75	29
3031.09	18
3031.43	16
3031.78	28
3032.12	23
3032.46	20
3032.8	16
3033.14	24
3033.48	20
3033.83	23
3034.17	22
3034.51	23
3034.85	26
3035.19	22
3035.53	20
3035.87	20
3036.21	27
3036.56	26
3036.9	8
3037.24	22
3037.58	20
3037.92	23
3038.26	27
3038.6	27
3038.94	14
3039.28	13
3039.62	26
3039.96	27
3040.31	22
3040.65	22
3040.99	8
3041.33	16
3041.67	22
3042.01	23
3042.35	21
3042.69	23
3043.03	19
3043.37	25
3043.71	24
3044.05	17
3044.39	20
3044.74	29
3045.08	13
3045.42	22
3045.76	19
3046.1	25
3046.44	16
3046.78	18
3047.12	24
3047.46	23
3047.8	17
3048.14	20
3048.48	26
3048.82	19
3049.16	25
3049.5	21
3049.84	20
3050.18	16
3050.52	20
3050.86	18
3051.2	24
3051.54	17
3051.88	15
3052.22	22
3052.56	26
3052.9	24
3053.24	13
3053.58	16
3053.92	16
3054.26	17
3054.6	20
3054.94	20
3055.28	21
3055.62	20
3055.96	19
3056.3	22
3056.64	16
3056.98	21
3057.32	20
3057.66	18
3058	25
3058.34	15
3058.68	17
3059.02	16
3059.36	17
3059.7	21
3060.04	13
3060.38	17
3060.72	28
3061.05	21
3061.39	29
3061.73	15
3062.07	18
3062.41	17
3062.75	25
3063.09	17
3063.43	14
3063.77	23
3064.11	24
3064.45	24
3064.79	23
3065.13	18
3065.47	19
3065.8	16
3066.14	18
3066.48	18
3066.82	23
3067.16	18
3067.5	25
3067.84	22
3068.18	18
3068.52	17
3068.85	18
3069.19	14
3069.53	8
3069.87	23
3070.21	21
3070.55	21
3070.89	23
3071.23	25
3071.57	20
3071.9	26
3072.24	24
3072.58	13
3072.92	27
3073.26	20
3073.6	20
3073.94	24
3074.27	14
3074.61	18
3074.95	23
3075.29	25
3075.63	24
3075.97	18
3076.3	20
3076.64	19
3076.98	24
3077.32	21
3077.66	16
3078	23
3078.33	20
3078.67	26
3079.01	24
3079.35	21
3079.69	25
3080.02	18
3080.36	16
3080.7	17
3081.04	20
3081.38	17
3081.71	22
3082.05	27
3082.39	15
3082.73	21
3083.07	8
3083.4	26
3083.74	20
3084.08	18
3084.42	15
3084.76	14
3085.09	20
3085.43	16
3085.77	22
3086.11	20
3086.44	16
3086.78	17
3087.12	26
3087.46	23
3087.79	20
3088.13	17
3088.47	19
3088.81	21
3089.14	22
3089.48	16
3089.82	20
3090.16	20
3090.49	13
3090.83	17
3091.17	18
3091.51	12
3091.84	18
3092.18	29
3092.52	12
3092.85	19
3093.19	18
3093.53	25
3093.86	17
3094.2	15
3094.54	21
3094.88	23
3095.21	23
3095.55	18
3095.89	19
3096.22	20
3096.56	17
3096.9	17
3097.23	22
3097.57	16
3097.91	17
3098.25	15
3098.58	16
3098.92	16
3099.26	19
3099.59	24
3099.93	19
3100.27	22
3100.6	17
3100.94	21
3101.27	16
3101.61	17
3101.95	13
3102.28	24
3102.62	23
3102.96	19
3103.29	23
3103.63	23
3103.97	15
3104.3	27
3104.64	15
3104.98	14
3105.31	20
3105.65	18
3105.98	18
3106.32	13
3106.66	20
3106.99	18
3107.33	20
3107.66	20
3108	24
3108.34	14
3108.67	24
3109.01	13
3109.35	22
3109.68	18
3110.02	20
3110.35	21
3110.69	15
3111.03	20
3111.36	13
3111.7	19
3112.03	18
3112.37	12
3112.7	24
3113.04	17
3113.37	11
3113.71	16
3114.05	16
3114.38	13
3114.72	20
3115.05	26
3115.39	20
3115.72	27
3116.06	15
3116.4	21
3116.73	18
3117.07	22
3117.4	17
3117.74	18
3118.07	18
3118.41	15
3118.74	12
3119.08	21
3119.41	16
3119.75	8
3120.08	18
3120.42	19
3120.75	18
3121.09	19
3121.42	19
3121.76	15
3122.1	17
3122.43	20
3122.77	19
3123.1	18
3123.43	16
3123.77	21
3124.1	23
3124.44	15
3124.77	18
3125.11	13
3125.44	16
3125.78	13
3126.11	25
3126.45	19
3126.78	17
3127.12	16
3127.45	15
3127.79	19
3128.12	15
3128.46	19
3128.79	7
3129.13	20
3129.46	19
3129.79	17
3130.13	22
3130.46	15
3130.8	18
3131.13	17
3131.47	24
3131.8	19
3132.14	19
3132.47	18
3132.8	14
3133.14	14
3133.47	24
3133.81	10
3134.14	21
3134.48	21
3134.81	21
3135.14	14
3135.48	14
3135.81	13
3136.15	17
3136.48	20
3136.81	21
3137.15	18
3137.48	16
3137.82	15
3138.15	23
3138.48	22
3138.82	9
3139.15	16
3139.49	17
3139.82	24
3140.15	14
3140.49	17
3140.82	16
3141.15	21
3141.49	14
3141.82	12
3142.16	28
3142.49	17
3142.82	20
3143.16	15
3143.49	18
3143.82	19
3144.16	17
3144.49	16
3144.82	21
3145.16	20
3145.49	20
3145.82	21
3146.16	23
3146.49	15
3146.82	16
3147.16	18
3147.49	17
3147.82	18
3148.16	13
3148.49	18
3148.82	18
3149.16	23
3149.49	18
3149.82	16
3150.16	18
3150.49	22
3150.82	20
3151.15	27
3151.49	14
3151.82	16
3152.15	13
3152.49	17
3152.82	18
3153.15	21
3153.48	21
3153.82	20
3154.15	16
3154.48	21
3154.82	18
3155.15	22
3155.48	16
3155.81	15
3156.15	19
3156.48	18
3156.81	21
3157.14	16
3157.48	26
3157.81	13
3158.14	20
3158.47	25
3158.81	21
3159.14	17
3159.47	23
3159.8	17
3160.14	18
3160.47	20
3160.8	14
3161.13	20
3161.46	21
3161.8	14
3162.13	15
3162.46	9
3162.79	22
3163.13	22
3163.46	16
3163.79	18
3164.12	18
3164.45	15
3164.79	24
3165.12	16
3165.45	17
3165.78	22
3166.11	17
3166.45	22
3166.78	16
3167.11	24
3167.44	21
3167.77	17
3168.1	26
3168.44	21
3168.77	21
3169.1	17
3169.43	25
3169.76	16
3170.09	17
3170.43	20
3170.76	16
3171.09	14
3171.42	24
3171.75	18
3172.08	22
3172.42	13
3172.75	24
3173.08	11
3173.41	15
3173.74	19
3174.07	24
3174.4	23
3174.74	25
3175.07	22
3175.4	18
3175.73	20
3176.06	17
3176.39	20
3176.72	20
3177.05	16
3177.39	24
3177.72	16
3178.05	23
3178.38	19
3178.71	25
3179.04	17
3179.37	16
3179.7	18
3180.03	16
3180.36	20
3180.7	19
3181.03	15
3181.36	22
3181.69	21
3182.02	21
3182.35	20
3182.68	20
3183.01	13
3183.34	15
3183.67	15
3184	20
3184.33	21
3184.66	26
3184.99	19
3185.32	14
3185.65	20
3185.99	22
3186.32	17
3186.65	19
3186.98	20
3187.31	16
3187.64	21
3187.97	17
3188.3	20
3188.63	19
3188.96	24
3189.29	19
3189.62	20
3189.95	23
3190.28	21
3190.61	26
3190.94	23
3191.27	18
3191.6	19
3191.93	24
3192.26	20
3192.59	12
3192.92	21
3193.25	17
3193.58	15
3193.91	22
3194.24	18
3194.57	17
3194.9	15
3195.23	24
3195.56	21
3195.89	18
3196.22	13
3196.55	20
3196.88	16
3197.21	16
3197.54	16
3197.87	19
3198.2	17
3198.53	22
3198.86	18
3199.19	20
3199.51	18
3199.84	19
3200.17	17
3200.5	20
3200.83	27
3201.16	14
3201.49	16
3201.82	14
3202.15	17
3202.48	26
3202.81	15
3203.14	17
3203.47	24
3203.8	18.0816
3204.13	18.9399
3204.46	21.0132
3204.78	19.0365
3205.11	23.5549
3205.44	22.9998
3205.77	11.6942
3206.1	18.2099
3206.43	18.3866
3206.76	21.3326
3207.09	18.9687
3207.42	19.1299
3207.75	22.1712
3208.07	17.0643
3208.4	19.5859
3208.73	21.8098
3209.06	23.4455
3209.39	19.8571
3209.72	23.3197
3210.05	22.2788
3210.38	21.9916
3210.71	18.7806
3211.03	19.7857
3211.36	23.1644
3211.69	18.8722
3212.02	24.2884
3212.35	17.2919
3212.68	20.6036
3213.01	20.374
3213.33	16.0937
3213.66	18.8548
3213.99	17.3829
3214.32	24.1628
3214.65	22.9978
3214.97	17.9151
3215.3	21.0624
3215.63	21.4966
3215.96	18.8247
3216.29	22.8214
3216.62	19.3332
3216.95	13.8267
3217.27	18.4844
3217.6	23.619
3217.93	20.1558
3218.26	17.7477
3218.59	18.7448
3218.91	17.5627
3219.24	24.6218
3219.57	23.2135
3219.9	18.8388
3220.23	20.9706
3220.55	23.5422
3220.88	16.0855
3221.21	24.0385
3221.54	21.6867
3221.87	20.5379
3222.19	22.6274
3222.52	17.6245
3222.85	24.7775
3223.18	21.4481
3223.51	22.6173
3223.83	23.501
3224.16	24.1519
3224.49	20.0784
3224.82	21.2278
3225.14	21.5784
3225.47	19.1675
3225.8	18.2706
3226.13	22.2628
3226.45	27.2139
3226.78	25.7386
3227.11	22.3881
3227.44	26.6384
3227.76	26.28
3228.09	24.9864
3228.42	19.5095
3228.75	21.5902
3229.07	20.0185
3229.4	21.1985
3229.73	22.8424
3230.06	20.2813
3230.38	21.7622
3230.71	24.1616
3231.04	23.6676
3231.37	17.6012
3231.69	16.1969
3232.02	24.661
3232.35	24.1825
3232.67	25.8633
3233	27.0593
3233.33	21.8056
3233.66	20.7905
3233.98	25.3071
3234.31	30.0913
3234.64	29.2162
3234.96	26.6895
3235.29	22.4469
3235.62	22.8105
3235.79	27
3236.12	30
3236.45	11
3236.79	29
3237.12	18
3237.45	26
3237.78	27
3238.11	31
3238.44	26
3238.78	24
3239.11	25
3239.44	32
3239.77	23
3240.1	27
3240.43	25
3240.76	21
3241.09	17
3241.42	33
3241.76	21
3242.09	31
3242.42	27
3242.75	27
3243.08	20
3243.41	17
3243.74	24
3244.07	25
3244.41	16
3244.74	11
3245.07	22
3245.4	17
3245.73	23
3246.06	22
3246.39	22
3246.72	13
3247.05	26
3247.38	26
3247.71	20
3248.04	19
3248.37	21
3248.71	25
3249.04	20
3249.37	22
3249.7	25
3250.03	21
3250.36	19
3250.69	26
3251.02	20
3251.35	18
3251.68	28
3252.01	22
3252.34	21
3252.67	25
3253	21
3253.33	24
3253.66	22
3253.99	19
3254.32	20
3254.65	23
3254.99	26
3255.32	18
3255.65	22
3255.98	26
3256.31	18
3256.64	28
3256.97	22
3257.3	18
3257.63	26
3257.96	19
3258.29	14
3258.62	18
3258.95	24
3259.28	24
3259.61	22
3259.94	22
3260.27	26
3260.6	19
3260.93	20
3261.26	27
3261.59	27
3261.91	24
3262.25	18
3262.58	19
3262.91	25
3263.23	21
3263.56	20
3263.89	22
3264.22	14
3264.55	19
3264.88	21
3265.21	23
3265.54	15
3265.87	23
3266.2	19
3266.53	14
3266.86	18
3267.19	24
3267.52	17
3267.85	23
3268.18	19
3268.51	22
3268.84	15
3269.16	13
3269.49	10
3269.82	16
3270.15	17
3270.48	20
3270.81	12
3271.14	24
3271.47	19
3271.8	17
3272.13	19
3272.46	20
3272.78	16
3273.11	25
3273.44	15
3273.77	16
3274.1	16
3274.43	18
3274.76	10
3275.09	21
3275.42	20
3275.75	19
3276.07	22
3276.4	10
3276.73	18
3277.06	18
3277.39	18
3277.72	23
3278.05	15
3278.38	21
3278.7	17
3279.03	22
3279.36	22
3279.69	15
3280.02	13
3280.35	18
3280.67	11
3281	10
3281.33	18
3281.66	26
3281.99	18
3282.32	22
3282.65	24
3282.97	20
3283.3	25
3283.63	19
3283.96	21
3284.29	23
3284.61	20
3284.94	16
3285.27	23
3285.6	12
3285.93	21
3286.26	22
3286.58	15
3286.91	20
3287.24	20
3287.57	22
3287.9	16
3288.22	16
3288.55	16
3288.88	19
3289.21	15
3289.53	19
3289.86	17
3290.19	17
3290.52	22
3290.85	22
3291.17	17
3291.5	16
3291.83	16
3292.16	14
3292.48	24
3292.81	18
3293.14	25
3293.47	19
3293.79	18
3294.12	20
3294.45	10
3294.78	15
3295.11	22
3295.43	22
3295.76	19
3296.09	14
3296.42	17
3296.74	13
3297.07	8
3297.4	18
3297.72	15
3298.05	19
3298.38	17
3298.7	15
3299.03	15
3299.36	17
3299.69	22
3300.01	16
3300.34	22
3300.67	18
3301	17
3301.32	12
3301.65	22
3301.98	27
3302.3	14
3302.63	19
3302.96	19
3303.28	11
3303.61	18
3303.94	16
3304.26	16
3304.59	11
3304.92	9
3305.24	21
3305.57	15
3305.9	27
3306.22	16
3306.55	17
3306.88	13
3307.2	17
3307.53	19
3307.86	17
3308.18	23
3308.51	18
3308.84	19
3309.16	18
3309.49	18
3309.82	27
3310.14	16
3310.47	15
3310.8	12
3311.12	17
3311.45	20
3311.77	14
3312.1	17
3312.43	20
3312.75	18
3313.08	16
3313.41	13
3313.73	20
3314.06	11
3314.38	18
3314.71	23
3315.04	17
3315.36	14
3315.69	24
3316.01	22
3316.34	16
3316.67	16
3316.99	15
3317.32	21
3317.64	15
3317.97	12
3318.29	16
3318.62	18
3318.95	25
3319.27	22
3319.6	15
3319.92	18
3320.25	14
3320.58	22
3320.9	22
3321.23	20
3321.55	16
3321.88	14
3322.2	18
3322.53	20
3322.85	13
3323.18	12
3323.5	13
3323.83	14
3324.16	21
3324.48	21
3324.81	14
3325.13	10
3325.46	21
3325.78	22
3326.11	12
3326.43	15
3326.76	14
3327.08	21
3327.41	7
3327.74	16
3328.06	17
3328.38	15
3328.71	17
3329.04	18
3329.36	17
3329.68	18
3330.01	19
3330.33	15
3330.66	13
3330.98	15
3331.31	15
3331.63	20
3331.96	16
3332.28	13
3332.61	21
3332.93	13
3333.26	21
3333.58	20
3333.91	17
3334.23	24
3334.56	17
3334.88	17
3335.21	20
3335.53	15
3335.86	11
3336.18	15
3336.5	14
3336.83	15
3337.15	18
3337.48	21
3337.8	12
3338.13	18
3338.45	17
3338.78	10
3339.1	25
3339.43	20
3339.75	18
3340.07	21
3340.4	17
3340.72	15
3341.05	17
3341.37	17
3341.7	19
3342.02	20
3342.34	20
3342.67	14
3342.99	14
3343.31	13
3343.64	13
3343.96	17
3344.29	20
3344.61	14
3344.94	13
3345.26	16
3345.58	15
3345.91	10
3346.23	11
3346.55	18
3346.88	20
3347.2	16
3347.53	14
3347.85	22
3348.17	19
3348.5	20
3348.82	18
3349.14	17
3349.47	24
3349.79	18
3350.12	24
3350.44	20
3350.76	14
3351.09	15
3351.41	19
3351.73	17
3352.06	6
3352.38	20
3352.7	6
3353.03	12
3353.35	24
3353.67	13
3354	14
3354.32	18
3354.64	13
3354.97	19
3355.29	22
3355.61	16
3355.94	21
3356.26	25
3356.58	19
3356.91	17
3357.23	14
3357.55	22
3357.87	12
3358.2	16
3358.52	19
3358.84	10
3359.17	22
3359.49	9
3359.81	9
3360.13	22
3360.46	21
3360.78	18
3361.1	22
3361.43	16
3361.75	19
3362.07	22
3362.39	19
3362.72	8
3363.04	9
3363.36	20
3363.69	22
3364.01	29
3364.33	15
3364.65	22
3364.98	21
3365.3	20
3365.62	21
3365.94	22
3366.26	15
3366.59	16
3366.91	14
3367.23	21
3367.55	15
3367.88	16
3368.2	17
3368.52	18
3368.84	15
3369.17	16
3369.49	18
3369.81	16
3370.13	23
3370.46	13
3370.78	17
3371.1	18
3371.42	17
3371.74	12
3372.06	14
3372.39	19
3372.71	11
3373.03	16
3373.35	16
3373.68	21
3374	19
3374.32	22
3374.64	20
3374.96	16
3375.28	18
3375.61	15
3375.93	13
3376.25	19
3376.57	14
3376.89	8
3377.22	13
3377.54	21
3377.86	14
3378.18	15
3378.5	16
3378.82	18
3379.14	20
3379.47	14
3379.79	14
3380.11	12
3380.43	14
3380.75	19
3381.07	18
3381.39	12
3381.72	18
3382.04	10
3382.36	20
3382.68	18
3383	13
3383.32	18
3383.64	19
3383.97	18
3384.29	14
3384.61	14
3384.93	18
3385.25	13
3385.57	19
3385.89	13
3386.21	18
3386.53	23
3386.85	13
3387.17	15
3387.5	22
3387.82	20
3388.14	23
3388.46	9
3388.78	18
3389.1	19
3389.42	17
3389.74	22
3390.06	15
3390.38	19
3390.7	15
3391.03	14
3391.35	11
3391.67	22
3391.99	19
3392.31	12
3392.63	19
3392.95	21
3393.27	16
3393.59	13
3393.91	11
3394.23	16
3394.55	15
3394.87	14
3395.19	16
3395.51	15
3395.83	18
3396.15	22
3396.47	19
3396.79	16
3397.11	24
3397.43	8
3397.75	11
3398.07	18
3398.4	19
3398.71	18
3399.04	12
3399.35	18
3399.67	13
3400	10
