603.157	32
603.648	6
604.139	12
604.629	15
605.12	15
605.61	20
606.1	16
606.591	19
607.081	16
607.572	14
608.062	20
608.552	18
609.043	17
609.533	17
610.023	17
610.513	23
611.003	22
611.492	15
611.982	22
612.472	17
612.962	16
613.452	19
613.942	18
614.432	19
614.922	21
615.412	19
615.902	19
616.392	20
616.879	20
617.369	20
617.859	21
618.349	17
618.839	18
619.328	17
619.818	26
620.308	12
620.795	13
621.285	21
621.775	14
622.264	22
622.754	17
623.243	20
623.731	19
624.22	16
624.71	18
625.199	20
625.688	16
626.176	23
626.665	13
627.154	17
627.644	16
628.131	23
628.62	20
629.109	25
629.598	21
630.086	20
630.575	25
631.064	19
631.553	15
632.04	24
632.529	18
633.018	23
633.505	19
633.994	15
634.483	16
634.972	22
635.458	22
635.947	20
636.436	19
636.923	16
637.412	15
637.9	20
638.387	18
638.876	18
639.364	23
639.851	16
640.339	23
640.826	18
641.315	17
641.803	21
642.29	20
642.778	20
643.264	24
643.753	13
644.241	18
644.728	19
645.216	24
645.702	13
646.19	14
646.677	12
647.165	11
647.653	17
648.139	23
648.628	16
649.114	22
649.602	22
650.088	17
650.576	18
651.062	17
651.55	23
652.036	21
652.524	19
653.01	18
653.497	15
653.983	16
654.471	18
654.957	12
655.445	18
655.931	20
656.418	25
656.904	16
657.39	21
657.877	22
658.363	26
658.85	14
659.336	19
659.824	24
660.309	22
660.795	18
661.282	21
661.768	18
662.255	18
662.74	28
663.226	22
663.713	23
664.198	24
664.684	20
665.171	21
665.656	17
666.143	17
666.628	24
667.114	17
667.601	14
668.086	16
668.571	18
669.058	15
669.543	22
670.028	13
670.513	23
671	20
671.485	15
671.97	20
672.457	23
672.941	16
673.426	15
673.911	18
674.398	24
674.882	23
675.367	15
675.852	17
676.339	17
676.823	16
677.308	15
677.792	16
678.277	20
678.763	13
679.248	17
679.732	21
680.217	13
680.701	14
681.188	17
681.672	21
682.156	17
682.641	18
683.125	20
683.609	16
684.095	16
684.58	23
685.064	20
685.548	13
686.032	23
686.516	15
687	22
687.484	22
687.97	22
688.454	19
688.938	16
689.422	21
689.906	21
690.39	17
690.874	15
691.358	21
691.842	19
692.326	19
692.809	23
693.293	13
693.777	15
694.261	9
694.744	18
695.228	11
695.714	21
696.197	17
696.681	21
697.164	13
697.648	22
698.131	22
698.613	21
699.096	14
699.579	20
700.063	19
700.546	16
701.03	17
701.513	17
701.996	17
702.479	12
702.963	21
703.446	11
703.929	23
704.412	16
704.895	15
705.378	18
705.862	19
706.345	26
706.826	20
707.309	18
707.792	18
708.275	11
708.757	18
709.24	23
709.723	13
710.206	19
710.687	20
711.17	20
711.652	24
712.135	23
712.618	10
713.101	17
713.581	18
714.064	17
714.547	25
715.029	21
715.512	23
715.992	18
716.475	15
716.957	23
717.44	21
717.92	20
718.402	25
718.885	23
719.367	18
719.848	20
720.33	20
720.812	17
721.294	29
721.775	18
722.257	14
722.739	22
723.219	19
723.701	18
724.183	18
724.665	15
725.146	27
725.628	17
726.11	18
726.59	16
727.071	18
727.553	19
728.033	21
728.515	24
728.997	17
729.477	23
729.959	11
730.438	23
730.92	14
731.402	24
731.882	24
732.363	25
732.843	18
733.324	19
733.806	25
734.286	16
734.767	9
735.247	24
735.728	24
736.21	18
736.689	26
737.17	29
737.65	15
738.131	17
738.611	11
739.092	19
739.571	20
740.052	23
740.532	17
741.013	17
741.492	20
741.973	17
742.452	19
742.933	26
743.412	18
743.893	24
744.373	18
744.854	16
745.333	13
745.813	16
746.292	19
746.771	14
747.252	19
747.731	20
748.212	22
748.691	21
749.171	21
749.65	15
750.129	18
750.61	25
751.088	17
751.567	18
752.048	16
752.526	17
753.007	19
753.485	24
753.964	18
754.444	26
754.923	18
755.401	18
755.882	24
756.36	24
756.838	11
757.319	9
757.797	16
758.275	9
758.756	20
759.234	19
759.712	18
760.19	16
760.67	21
761.148	19
761.627	26
762.107	21
762.585	13
763.063	21
763.541	19
764.019	22
764.499	12
764.977	18
765.455	17
765.932	20
766.412	19
766.89	15
767.368	16
767.846	23
768.324	24
768.803	21
769.281	20
769.759	21
770.236	14
770.714	12
771.192	15
771.671	20
772.149	19
772.626	18
773.104	21
773.581	17
774.059	17
774.536	17
775.014	17
775.493	22
775.97	16
776.448	14
776.925	24
777.402	20
777.879	17
778.357	21
778.834	20
779.311	22
779.788	11
780.265	19
780.742	17
781.22	22
781.697	17
782.174	13
782.651	22
783.13	23
783.607	27
784.083	17
784.56	16
785.037	19
785.514	22
785.989	21
786.466	21
786.943	16
787.419	21
787.896	17
788.373	21
788.849	17
789.326	21
789.803	17
790.279	17
790.756	19
791.232	22
791.709	16
792.185	23
792.662	20
793.138	18
793.613	16
794.089	16
794.566	19
795.042	24
795.518	28
795.995	23
796.471	19
796.947	19
797.421	22
797.897	20
798.374	18
798.85	24
799.326	20
799.802	13
800.276	25
800.752	23
801.228	24
801.704	27
802.18	14
802.654	20
803.13	20
803.606	19
804.082	18
804.556	23
805.031	18
805.507	29
805.983	18
806.457	12
806.932	24
807.408	18
807.884	17
808.358	28
808.833	14
809.309	19
809.784	22
810.258	20
810.733	16
811.209	18
811.682	20
812.158	21
812.633	26
813.107	16
813.582	22
814.057	24
814.531	18
815.006	26
815.481	18
815.955	19
816.43	25
816.903	18
817.378	21
817.853	24
818.326	28
818.802	16
819.275	17
819.75	22
820.225	23
820.698	26
821.173	24
821.646	21
822.121	19
822.593	20
823.068	23
823.541	19
824.016	21
824.491	14
824.964	17
825.438	21
825.911	21
826.386	14
826.858	20
827.333	19
827.806	16
828.28	21
828.753	14
829.227	21
829.7	15
830.173	16
830.647	20
831.119	13
831.594	14
832.066	22
832.541	20
833.013	24
833.487	19
833.96	20
834.432	16
834.906	20
835.378	10
835.853	23
836.325	26
836.797	26
837.271	19
837.743	16
838.215	21
838.689	21
839.161	20
839.635	19
840.107	14
840.579	24
841.053	17
841.525	16
841.997	20
842.469	15
842.943	18
843.415	19
843.886	18
844.36	16
844.832	19
845.304	16
845.777	23
846.249	15
846.721	20
847.192	13
847.666	21
848.137	18
848.609	20
849.081	23
849.554	24
850.025	19
850.497	20
850.968	18
851.44	21
851.913	16
852.384	23
852.856	17
853.327	16
853.798	20
854.272	14
854.743	23
855.214	21
855.685	21
856.156	24
856.627	19
857.099	23
857.572	22
858.043	19
858.514	29
858.985	12
859.456	22
859.927	10
860.398	14
860.868	14
861.339	22
861.812	17
862.283	22
862.754	27
863.225	22
863.695	23
864.166	16
864.637	21
865.107	24
865.578	24
866.049	26
866.519	25
866.99	18
867.461	19
867.931	9
868.402	16
868.872	17
869.342	17
869.813	18
870.283	15
870.754	20
871.224	21
871.694	21
872.165	18
872.635	21
873.105	20
873.576	22
874.046	17
874.516	24
874.984	23
875.454	23
875.924	13
876.394	17
876.865	20
877.335	16
877.805	18
878.275	14
878.745	24
879.215	15
879.682	23
880.152	19
880.622	13
881.092	24
881.562	22
882.032	18
882.5	17
882.969	21
883.439	21
883.909	17
884.378	24
884.848	19
885.316	15
885.785	19
886.255	14
886.724	25
887.192	19
887.661	17
888.131	16
888.6	26
889.068	16
889.537	19
890.007	19
890.476	20
890.943	9
891.413	23
891.882	25
892.351	22
892.818	22
893.288	18
893.757	18
894.224	24
894.693	24
895.162	21
895.629	22
896.099	18
896.568	8
897.035	23
897.504	19
897.973	24
898.44	15
898.908	19
899.377	19
899.844	20
900.313	26
900.78	12
901.249	13
901.717	22
902.184	22
902.653	19
903.12	18
903.588	16
904.055	16
904.524	20
904.992	23
905.459	17
905.927	21
906.394	17
906.862	17
907.329	18
907.797	25
908.264	14
908.732	11
909.199	13
909.667	21
910.133	17
910.602	12
911.068	24
911.536	20
912.003	24
912.471	21
912.937	14
913.405	19
913.871	15
914.337	11
914.806	20
915.272	18
915.74	18
916.206	22
916.674	20
917.14	10
917.606	25
918.074	26
918.54	14
919.007	21
919.473	11
919.939	16
920.407	14
920.873	17
921.339	21
921.806	23
922.272	15
922.738	14
923.205	17
923.671	18
924.137	19
924.604	22
925.07	17
925.535	13
926.003	18
926.468	18
926.934	19
927.399	14
927.867	22
928.332	19
928.798	19
929.263	15
929.73	16
930.196	15
930.661	20
931.126	17
931.593	24
932.059	24
932.524	22
932.989	25
933.454	23
933.921	20
934.386	17
934.851	20
935.316	25
935.781	20
936.248	20
936.713	17
937.178	21
937.643	19
938.108	18
938.573	22
939.038	19
939.505	20
939.97	12
940.434	16
940.899	23
941.364	14
941.829	20
942.293	17
942.758	17
943.223	23
943.687	24
944.154	21
944.618	19
945.083	19
945.547	21
946.012	17
946.476	21
946.941	20
947.405	20
947.87	13
948.334	24
948.798	15
949.263	21
949.727	26
950.191	15
950.656	24
951.12	18
951.584	26
952.048	12
952.512	16
952.977	32
953.441	18
953.905	21
954.369	25
954.831	14
955.295	18
955.759	22
956.223	17
956.687	27
957.151	7
957.615	20
958.078	20
958.542	14
959.006	20
959.468	13
959.932	21
960.396	24
960.859	23
961.323	17
961.787	21
962.25	24
962.712	19
963.176	13
963.639	19
964.103	19
964.566	21
965.03	18
965.491	13
965.955	19
966.418	18
966.882	18
967.343	23
967.807	21
968.27	16
968.733	27
969.195	22
969.658	18
970.121	19
970.584	21
971.046	22
971.509	15
971.972	25
972.435	23
972.896	23
973.359	22
973.822	18
974.283	16
974.746	22
975.209	18
975.67	26
976.133	16
976.596	17
977.057	17
977.52	18
977.983	17
978.444	21
978.907	16
979.369	18
979.83	20
980.293	22
980.754	23
981.216	18
981.679	10
982.14	17
982.602	15
983.063	18
983.525	22
983.986	19
984.448	21
984.911	23
985.372	25
985.834	15
986.294	18
986.757	21
987.217	20
987.68	22
988.14	20
988.602	14
989.063	15
989.525	14
989.985	16
990.447	16
990.907	23
991.37	22
991.83	17
992.292	21
992.752	19
993.212	25
993.674	24
994.134	23
994.596	19
995.056	17
995.518	22
995.978	28
996.438	27
996.9	19
997.36	20
997.822	24
998.281	19
998.741	19
999.203	22
999.663	21
1000.12	15
1000.58	24
1001.04	15
1001.5	19
1001.97	10
1002.42	24
1002.88	24
1003.35	24
1003.81	21
1004.27	17
1004.73	11
1005.19	24
1005.65	18
1006.11	18
1006.57	15
1007.03	23
1007.49	16
1007.95	21
1008.41	24
1008.87	26
1009.32	16
1009.79	16
1010.24	16
1010.7	21
1011.16	12
1011.62	25
1012.08	11
1012.54	19
1013	25
1013.46	18
1013.92	13
1014.38	16
1014.84	19
1015.3	28
1015.76	16
1016.22	22
1016.68	22
1017.13	21
1017.6	21
1018.05	24
1018.51	21
1018.97	25
1019.43	17
1019.89	25
1020.35	11
1020.81	24
1021.27	14
1021.73	24
1022.18	19
1022.64	16
1023.1	21
1023.56	23
1024.02	19
1024.48	16
1024.94	18
1025.39	15
1025.85	18
1026.31	19
1026.77	19
1027.23	22
1027.69	22
1028.14	19
1028.6	22
1029.06	12
1029.52	28
1029.98	26
1030.44	13
1030.89	19
1031.35	20
1031.81	20
1032.27	26
1032.73	21
1033.18	22
1033.64	20
1034.1	19
1034.56	30
1035.01	20
1035.47	22
1035.93	23
1036.39	25
1036.85	22
1037.3	24
1037.76	21
1038.22	19
1038.67	23
1039.13	27.0288
1039.59	20.0681
1040.05	21.006
1040.51	20.1525
1040.96	22.018
1041.42	16.2651
1041.88	23.7824
1042.33	19.1046
1042.79	26.746
1043.25	20.5899
1043.7	20.8425
1044.16	26.7512
1044.62	22.6559
1045.08	24.5788
1045.53	21.7212
1045.99	15.4545
1046.45	20.1684
1046.9	22.3632
1047.36	24.5182
1047.82	18.6271
1048.27	23.0657
1048.73	24.012
1049.19	20.6671
1049.64	29.3924
1050.1	25.722
1050.56	19.0245
1051.01	16.3409
1051.47	25.6151
1051.93	19.2485
1052.38	20.6041
1052.84	27.1202
1053.3	22.6613
1053.75	25.6297
1054.21	22.3035
1054.66	24.5692
1055.12	29.0411
1055.58	24.8772
1056.03	18.7726
1056.49	24.5553
1056.95	18.9418
1057.4	23.975
1057.86	23.7567
1058.31	25.0971
1058.77	22.3067
1059.23	19.0249
1059.68	21.1432
1060.14	25.5423
1060.59	22.9198
1061.05	22.799
1061.5	18.5741
1061.96	27.5585
1062.42	22.5514
1062.87	23.9432
1063.33	24.4961
1063.78	18.23
1064.24	23.3493
1064.69	25.1771
1065.15	25.5529
1065.6	22.8734
1066.06	21.0345
1066.52	19.5431
1066.97	20.489
1067.43	24.8361
1067.88	20.9393
1068.34	25.9947
1068.79	20.4724
1069.25	24.7212
1069.7	26.5334
1070.16	25.1014
1070.61	20.3079
1071.07	21.3428
1071.52	22.7437
1071.98	26.883
1072.43	28.9737
1072.89	23.0507
1073.34	22.2414
1073.8	25.2959
1074.25	25
1074.71	23.9964
1075.16	25.1301
1075.62	26.07
1076.07	28.0775
1076.52	30.9153
1076.98	23.5808
1077.43	20.7953
1077.89	23.7321
1078.34	25.9665
1078.8	26.5532
1079.25	25.5319
1079.71	23.9673
1080.16	19.4542
1080.61	22.1111
1081.07	24.2273
1081.52	23.3942
1081.98	24.5192
1082.43	23.3669
1082.89	23.0101
1083.34	25.6523
1083.79	24.9148
1084.25	26.4351
1084.7	24.7418
1085.16	18.7291
1085.61	23.2752
1086.06	27.7202
1086.35	29
1086.81	27
1087.27	32
1087.73	16
1088.19	23
1088.65	28
1089.11	24
1089.57	30
1090.03	21
1090.49	32
1090.94	22
1091.4	25
1091.86	28
1092.32	25
1092.78	29
1093.24	24
1093.7	21
1094.16	29
1094.62	27
1095.07	28
1095.53	34
1095.99	33
1096.45	20
1096.91	30
1097.36	31
1097.82	37
1098.28	28
1098.74	21
1099.2	25
1099.66	29
1100.12	26
1100.57	23
1101.03	22
1101.49	26
1101.95	24
1102.41	35
1102.86	30
1103.32	34
1103.78	27
1104.24	26
1104.69	24
1105.15	32
1105.61	33
1106.07	23
1106.53	19
1106.98	25
1107.44	29
1107.9	30
1108.36	31
1108.82	29
1109.27	31
1109.73	21
1110.19	27
1110.65	35
1111.1	35
1111.56	29
1112.02	34
1112.47	30
1112.93	31
1113.39	25
1113.85	28
1114.3	24
1114.76	31
1115.22	31
1115.67	22
1116.13	27
1116.59	29
1117.05	29
1117.5	25
1117.96	24
1118.42	28
1118.87	23
1119.33	32
1119.79	33
1120.24	29
1120.7	32
1121.16	30
1121.61	24
1122.07	32
1122.53	33
1122.98	30
1123.44	29
1123.89	35
1124.35	39
1124.81	29
1125.26	32
1125.72	35
1126.18	31
1126.63	33
1127.09	28
1127.55	29
1128	26
1128.46	30
1128.91	28
1129.37	28
1129.83	32
1130.28	28
1130.74	22
1131.19	22
1131.65	30
1132.1	25
1132.56	28
1133.02	29
1133.47	28
1133.93	32
1134.38	26
1134.84	27
1135.3	43
1135.75	38
1136.21	40
1136.66	26
1137.12	31
1137.57	29
1138.03	33
1138.48	33
1138.94	31
1139.39	34
1139.85	32
1140.3	29
1140.76	35
1141.21	30
1141.67	30
1142.12	31
1142.58	33
1143.04	26
1143.49	33
1143.94	24
1144.4	29
1144.85	32
1145.31	35
1145.76	32
1146.22	27
1146.67	29
1147.13	35
1147.58	34
1148.04	30
1148.49	37
1148.95	34
1149.4	20
1149.86	32
1150.31	27
1150.76	27
1151.22	32
1151.67	28
1152.13	28
1152.58	31
1153.04	32
1153.49	26
1153.94	28
1154.4	26
1154.85	31
1155.31	26
1155.76	30
1156.21	27
1156.67	31
1157.12	28
1157.58	20
1158.03	33
1158.48	31
1158.94	34
1159.39	25
1159.85	28
1160.3	33
1160.75	35
1161.21	27
1161.66	22
1162.11	30
1162.57	35
1163.02	42
1163.48	33
1163.93	30
1164.38	29
1164.84	31
1165.29	34
1165.74	30
1166.19	32
1166.65	41
1167.1	36
1167.55	25
1168.01	37
1168.46	24
1168.91	30
1169.37	34
1169.82	18
1170.27	27
1170.73	29
1171.18	33
1171.63	34
1172.08	33
1172.54	33
1172.99	37
1173.44	30
1173.9	27
1174.35	35
1174.8	33
1175.25	42
1175.71	27
1176.16	34
1176.61	38
1177.06	26
1177.52	34
1177.97	32
1178.42	27
1178.87	36
1179.32	31
1179.78	32
1180.23	29
1180.68	29
1181.13	30
1181.59	35
1182.04	29
1182.49	29
1182.94	35
1183.39	27
1183.85	42
1184.3	34
1184.75	39
1185.2	33
1185.65	29
1186.1	33
1186.56	30
1187.01	22
1187.46	35
1187.91	32
1188.36	34
1188.81	30
1189.27	40
1189.72	25
1190.17	32
1190.62	31
1191.07	30
1191.52	36
1191.98	31
1192.43	29
1192.88	32
1193.33	34
1193.78	33
1194.23	34
1194.68	36
1195.13	40
1195.59	31
1196.04	41
1196.49	32
1196.94	29
1197.39	29
1197.84	32
1198.29	31
1198.74	30
1199.19	31
1199.64	37
1200.09	30
1200.54	40
1201	33
1201.44	40
1201.9	41
1202.35	21
1202.8	23
1203.25	33
1203.7	33
1204.15	27
1204.6	32
1205.05	37
1205.5	42
1205.95	28
1206.4	32
1206.85	36
1207.3	35
1207.75	38
1208.2	35
1208.65	32
1209.1	34
1209.55	31
1210	30
1210.45	38
1210.9	38
1211.35	29
1211.8	47
1212.25	29
1212.7	35
1213.15	32
1213.6	27
1214.05	41
1214.5	32
1214.95	34
1215.4	30
1215.85	29
1216.3	32
1216.75	32
1217.2	35
1217.65	31
1218.09	30
1218.54	37
1218.99	35
1219.44	31
1219.89	41
1220.34	31
1220.79	33
1221.24	36
1221.69	42
1222.14	41
1222.59	35
1223.04	33
1223.48	33
1223.93	37
1224.38	44
1224.83	35
1225.28	31
1225.73	39
1226.18	30
1226.63	28
1227.08	36
1227.52	32
1227.97	29
1228.42	27
1228.87	46
1229.32	45
1229.77	36
1230.22	32
1230.66	35
1231.11	31
1231.56	36
1232.01	39
1232.46	45
1232.91	39
1233.35	40
1233.8	32
1234.25	42
1234.7	39
1235.15	27
1235.59	33
1236.04	35
1236.49	38
1236.94	43
1237.39	40
1237.83	33
1238.28	33
1238.73	31
1239.18	33
1239.63	26
1240.07	43
1240.52	38
1240.97	41
1241.42	46
1241.86	43
1242.31	43
1242.76	45
1243.21	39
1243.65	38
1244.1	53
1244.55	37
1245	45
1245.44	43
1245.89	41
1246.34	40
1246.78	40
1247.23	42
1247.68	40
1248.13	50
1248.57	35
1249.02	42
1249.47	32
1249.92	44
1250.36	41
1250.81	33
1251.26	39
1251.7	39
1252.15	36
1252.6	39
1253.04	48
1253.49	38
1253.94	43
1254.38	47
1254.83	42
1255.28	41
1255.72	47
1256.17	42
1256.61	50
1257.06	45
1257.51	44
1257.95	40
1258.4	44
1258.85	39
1259.29	52
1259.74	48
1260.19	40
1260.63	47
1261.08	47
1261.52	49
1261.97	51
1262.42	41
1262.86	48
1263.31	38
1263.76	56
1264.2	35
1264.65	35
1265.09	38
1265.54	38
1265.98	43
1266.43	56
1266.87	50
1267.32	46
1267.77	48
1268.21	46
1268.66	35
1269.1	47
1269.55	48
1269.99	51
1270.44	66
1270.89	53
1271.33	45
1271.78	42
1272.22	65
1272.67	52
1273.11	54
1273.56	52
1274	49
1274.45	44
1274.89	45
1275.34	53
1275.78	53
1276.23	54
1276.67	51
1277.12	53
1277.56	52
1278.01	52
1278.45	51
1278.9	51
1279.34	53
1279.79	48
1280.23	52
1280.68	55
1281.12	61
1281.57	54
1282.01	53
1282.45	59
1282.9	47
1283.34	59
1283.79	64
1284.23	62
1284.68	58
1285.12	52
1285.56	64
1286.01	64
1286.45	47
1286.9	60
1287.34	61
1287.79	50
1288.23	56
1288.67	58
1289.12	71
1289.56	56
1290.01	64
1290.45	59
1290.9	67
1291.34	64
1291.78	53
1292.23	69
1292.67	72
1293.11	68
1293.56	71
1294	65
1294.44	76
1294.89	63
1295.33	63
1295.78	56
1296.22	69
1296.66	75
1297.11	68
1297.55	79
1297.99	74
1298.44	68
1298.88	66
1299.32	83
1299.77	79
1300.21	77
1300.65	81
1301.09	75
1301.54	73
1301.98	92
1302.43	85
1302.87	73
1303.31	75
1303.75	80
1304.2	87
1304.64	81
1305.08	91
1305.53	93
1305.97	87
1306.41	88
1306.85	95
1307.3	88
1307.74	88
1308.18	96
1308.62	91
1309.07	82
1309.51	91
1309.95	100
1310.39	102
1310.84	93
1311.28	88
1311.72	112
1312.16	100
1312.61	90
1313.05	87
1313.49	101
1313.93	98
1314.37	94
1314.82	99
1315.26	105
1315.7	121
1316.14	95
1316.58	122
1317.03	104
1317.47	110
1317.91	109
1318.35	111
1318.79	127
1319.23	116
1319.68	118
1320.12	113
1320.56	112
1321	130
1321.44	124
1321.89	126
1322.33	125
1322.77	130
1323.21	118
1323.65	137
1324.09	130
1324.53	131
1324.97	137
1325.42	147
1325.86	139
1326.3	142
1326.74	136
1327.18	153
1327.62	146
1328.06	149
1328.51	164
1328.95	141
1329.39	153
1329.83	164
1330.27	171
1330.71	171
1331.15	162
1331.59	179
1332.03	173
1332.47	163
1332.91	192
1333.35	179
1333.8	172
1334.24	187
1334.68	197
1335.12	199
1335.56	216
1336	211
1336.44	214
1336.88	213
1337.32	207
1337.76	192
1338.2	206
1338.64	223
1339.08	221
1339.52	186
1339.96	234
1340.4	234
1340.84	210
1341.28	219
1341.72	227
1342.16	210
1342.6	227
1343.04	230
1343.48	252
1343.92	235
1344.36	236
1344.8	232
1345.24	243
1345.68	235
1346.12	243
1346.56	268
1347	256
1347.44	264
1347.88	261
1348.32	225
1348.76	236
1349.2	254
1349.64	240
1350.08	266
1350.52	230
1350.96	260
1351.39	232
1351.83	251
1352.27	248
1352.71	234
1353.15	243
1353.59	261
1354.03	236
1354.47	212
1354.91	250
1355.35	237
1355.79	224
1356.23	215
1356.66	204
1357.1	231
1357.54	235
1357.98	228
1358.42	220
1358.86	220
1359.3	213
1359.74	212
1360.18	210
1360.61	227
1361.05	202
1361.49	187
1361.93	198
1362.37	195
1362.81	194
1363.25	190
1363.68	170
1364.12	192
1364.56	187
1365	192
1365.44	191
1365.88	179
1366.31	189
1366.75	182
1367.19	178
1367.63	177
1368.07	166
1368.5	168
1368.94	172
1369.38	147
1369.82	150
1370.26	168
1370.69	151
1371.13	139
1371.57	153
1372.01	148
1372.45	160
1372.88	151
1373.32	136
1373.76	156
1374.2	134
1374.63	134
1375.07	122
1375.51	118
1375.95	125
1376.38	130
1376.82	121
1377.26	129
1377.7	118
1378.13	127
1378.57	125
1379.01	105
1379.44	103
1379.88	109
1380.32	120
1380.76	119
1381.19	131
1381.63	120
1382.07	111
1382.5	99
1382.94	102
1383.38	115
1383.82	100
1384.25	98
1384.69	99
1385.13	104
1385.56	93
1386	109
1386.44	94
1386.87	81
1387.31	99
1387.75	100
1388.18	89
1388.62	95
1389.06	92
1389.49	93
1389.93	83
1390.36	83
1390.8	77
1391.24	88
1391.67	88
1392.11	106
1392.55	67
1392.98	76
1393.42	78
1393.85	93
1394.29	83
1394.73	73
1395.16	96
1395.6	70
1396.04	71
1396.47	69
1396.91	84
1397.34	81
1397.78	77
1398.21	84
1398.65	74
1399.09	65
1399.52	74
1399.96	65
1400.39	78
1400.83	67
1401.26	71
1401.7	73
1402.14	71
1402.57	65
1403.01	64
1403.44	56
1403.88	70
1404.31	65
1404.75	61
1405.18	67
1405.62	65
1406.05	55
1406.49	67
1406.92	63
1407.36	71
1407.8	69
1408.23	58
1408.67	61
1409.1	50
1409.53	61
1409.97	61
1410.4	66
1410.84	56
1411.27	55
1411.71	53
1412.14	64
1412.58	53
1413.01	49
1413.45	60
1413.88	56
1414.32	52
1414.75	51
1415.19	55
1415.62	63
1416.05	58
1416.49	51
1416.92	58
1417.36	60
1417.79	51
1418.23	51
1418.66	49
1419.1	59
1419.53	44
1419.96	50
1420.4	47
1420.83	46
1421.27	62
1421.7	49
1422.13	56
1422.57	46
1423	45
1423.44	49
1423.87	52
1424.3	50
1424.74	52
1425.17	52
1425.6	50
1426.04	42
1426.47	47
1426.91	53
1427.34	47
1427.77	49
1428.21	48
1428.64	38
1429.07	50
1429.51	46
1429.94	44
1430.37	37
1430.81	46
1431.24	43
1431.67	46
1432.11	49
1432.54	47
1432.97	39
1433.41	27
1433.84	39
1434.27	50
1434.71	32
1435.14	47
1435.57	41
1436.01	44
1436.44	45
1436.87	34
1437.3	52
1437.74	52
1438.17	40
1438.6	44
1439.03	44
1439.47	51
1439.9	42
1440.33	46
1440.77	36
1441.2	47
1441.63	43
1442.06	40
1442.5	39
1442.93	43
1443.36	34
1443.79	44
1444.23	43
1444.66	45
1445.09	42
1445.52	35
1445.95	36
1446.39	59
1446.82	44
1447.25	45
1447.68	51
1448.11	40
1448.55	48
1448.98	36
1449.41	41
1449.84	35
1450.28	46
1450.71	39
1451.14	50
1451.57	40
1452	51
1452.43	40
1452.87	45.0556
1453.3	36.9976
1453.73	36.0379
1454.16	46.937
1454.59	41.7427
1455.02	43.472
1455.45	39.2201
1455.89	38.9158
1456.32	46.5707
1456.75	39.4427
1457.18	47.6586
1457.61	37.7774
1458.04	42.5072
1458.47	37.432
1458.91	42.864
1459.34	40.5893
1459.77	43.6078
1460.2	43.6769
1460.63	45.5443
1461.06	45.6852
1461.49	45.1068
1461.92	44.4032
1462.35	44.0222
1462.79	42.8311
1463.22	40.7799
1463.65	42.1061
1464.08	46.6616
1464.51	40.0938
1464.94	39.9719
1465.37	40.623
1465.8	45.3198
1466.23	39.2353
1466.66	44.5476
1467.09	47.5389
1467.52	43.8359
1467.95	36.8573
1468.38	40.8203
1468.81	43.0711
1469.24	37.5229
1469.68	40.0679
1470.11	37.5974
1470.54	47.2688
1470.97	43.7302
1471.4	41.4764
1471.83	43.7525
1472.26	41.0383
1472.69	36.8368
1473.12	45.9601
1473.55	42.3458
1473.98	38.8291
1474.41	37.8543
1474.84	39.2668
1475.27	42.9733
1475.7	47.8901
1476.13	43.9406
1476.56	40.7188
1476.99	38.1745
1477.42	45.2928
1477.85	42.5886
1478.28	49.6919
1478.71	36.9395
1479.14	37.5792
1479.57	40.9151
1480	41.7986
1480.43	39.5489
1480.86	41.8526
1481.29	49.5588
1481.71	41.355
1482.14	40.2498
1482.57	45.9881
1483	44.5244
1483.43	40.9449
1483.86	39.5661
1484.29	47.066
1484.72	40.2251
1485.15	42.678
1485.58	39.487
1486.01	45.3271
1486.44	41.6289
1486.87	41.612
1487.29	43.9332
1487.72	41.8321
1488.15	46.8431
1488.58	47.0058
1489.01	44.5559
1489.44	48.8377
1489.87	44.163
1490.3	41.4412
1490.73	45.2461
1491.15	42.7237
1491.58	44.8323
1492.01	44.8853
1492.44	41.5768
1492.87	34.7937
1493.3	37.9385
1493.73	41.1801
1494.15	46.1119
1494.58	43.5634
1495.01	42.9014
1495.17	44
1495.61	39
1496.04	38
1496.48	41
1496.91	35
1497.34	43
1497.77	38
1498.21	48
1498.64	45
1499.08	34
1499.51	48
1499.94	39
1500.38	38
1500.81	37
1501.24	39
1501.68	34
1502.11	41
1502.54	37
1502.98	48
1503.41	42
1503.84	42
1504.28	41
1504.71	40
1505.14	51
1505.57	48
1506.01	46
1506.44	43
1506.87	44
1507.31	44
1507.74	46
1508.17	47
1508.61	49
1509.04	45
1509.47	44
1509.9	34
1510.34	45
1510.77	45
1511.2	41
1511.63	41
1512.07	41
1512.5	39
1512.93	44
1513.36	41
1513.8	49
1514.23	43
1514.66	40
1515.09	46
1515.52	44
1515.96	45
1516.39	46
1516.82	45
1517.25	43
1517.69	45
1518.12	44
1518.55	57
1518.98	54
1519.41	34
1519.85	50
1520.28	47
1520.71	41
1521.14	43
1521.57	48
1522.01	55
1522.44	48
1522.87	50
1523.3	48
1523.73	57
1524.16	41
1524.6	52
1525.03	50
1525.46	41
1525.89	40
1526.32	41
1526.75	58
1527.18	48
1527.62	50
1528.05	49
1528.48	43
1528.91	50
1529.34	49
1529.77	55
1530.2	49
1530.63	49
1531.07	46
1531.5	56
1531.93	53
1532.36	56
1532.79	50
1533.22	58
1533.65	50
1534.08	46
1534.51	52
1534.94	45
1535.37	53
1535.81	46
1536.24	53
1536.67	64
1537.1	48
1537.53	58
1537.96	44
1538.39	52
1538.82	63
1539.25	54
1539.68	58
1540.11	53
1540.54	51
1540.97	54
1541.4	58
1541.83	58
1542.26	62
1542.69	48
1543.13	52
1543.55	53
1543.98	56
1544.41	65
1544.84	70
1545.27	56
1545.7	63
1546.14	51
1546.57	69
1547	71
1547.43	66
1547.86	61
1548.29	63
1548.72	69
1549.14	73
1549.57	63
1550	66
1550.43	61
1550.86	60
1551.29	79
1551.72	71
1552.15	73
1552.58	61
1553.01	78
1553.44	77
1553.87	77
1554.3	74
1554.73	74
1555.16	85
1555.59	73
1556.02	77
1556.45	93
1556.87	75
1557.3	94
1557.73	65
1558.16	80
1558.59	99
1559.02	85
1559.45	85
1559.88	94
1560.31	81
1560.74	95
1561.17	98
1561.6	89
1562.02	92
1562.45	104
1562.88	98
1563.31	99
1563.74	104
1564.17	113
1564.59	104
1565.02	104
1565.45	103
1565.88	104
1566.31	114
1566.74	114
1567.17	104
1567.6	112
1568.02	119
1568.45	112
1568.88	126
1569.31	124
1569.74	131
1570.17	148
1570.59	136
1571.02	136
1571.45	140
1571.88	130
1572.31	149
1572.73	138
1573.16	142
1573.59	151
1574.02	151
1574.45	130
1574.87	145
1575.3	155
1575.73	157
1576.16	157
1576.58	151
1577.01	158
1577.44	144
1577.87	170
1578.3	168
1578.72	182
1579.15	165
1579.58	164
1580.01	162
1580.43	169
1580.86	172
1581.29	163
1581.72	165
1582.14	170
1582.57	193
1583	184
1583.43	181
1583.85	172
1584.28	157
1584.71	146
1585.13	178
1585.56	172
1585.99	176
1586.42	184
1586.84	184
1587.27	187
1587.7	168
1588.12	167
1588.55	180
1588.98	161
1589.4	178
1589.83	181
1590.26	172
1590.68	168
1591.11	163
1591.54	174
1591.96	170
1592.39	167
1592.82	158
1593.24	151
1593.67	157
1594.1	158
1594.52	147
1594.95	151
1595.38	161
1595.8	184
1596.23	163
1596.65	154
1597.08	158
1597.51	156
1597.93	156
1598.36	142
1598.79	140
1599.21	158
1599.64	160
1600.06	157
1600.49	162
1600.92	149
1601.34	140
1601.77	147
1602.19	145
1602.62	144
1603.04	130
1603.47	136
1603.9	152
1604.32	142
1604.75	133
1605.17	124
1605.6	148
1606.02	132
1606.45	122
1606.88	148
1607.3	140
1607.73	146
1608.15	136
1608.58	139
1609	125
1609.43	135
1609.85	150
1610.28	133
1610.7	118
1611.13	129
1611.55	148
1611.98	115
1612.4	113
1612.83	133
1613.25	117
1613.68	131
1614.11	119
1614.53	125
1614.96	135
1615.38	119
1615.81	127
1616.23	121
1616.65	120
1617.08	131
1617.5	122
1617.93	117
1618.35	141
1618.78	122
1619.2	121
1619.63	126
1620.05	134
1620.48	139
1620.9	128
1621.33	134
1621.75	125
1622.17	128
1622.6	139
1623.02	122
1623.45	111
1623.87	125
1624.3	122
1624.72	119
1625.14	117
1625.57	110
1625.99	101
1626.42	122
1626.84	109
1627.26	97
1627.69	106
1628.11	97
1628.54	98
1628.96	91
1629.38	94
1629.81	82
1630.23	94
1630.66	77
1631.08	82
1631.5	87
1631.93	88
1632.35	71
1632.77	76
1633.2	69
1633.62	67
1634.05	70
1634.47	68
1634.89	66
1635.32	79
1635.74	61
1636.16	73
1636.58	62
1637.01	70
1637.43	65
1637.85	61
1638.28	67
1638.7	71
1639.12	60
1639.55	59
1639.97	53
1640.39	45
1640.82	54
1641.24	53
1641.66	41
1642.09	54
1642.51	39
1642.93	43
1643.35	53
1643.78	52
1644.2	37
1644.62	50
1645.05	41
1645.47	52
1645.89	40
1646.31	39
1646.74	35
1647.16	39
1647.58	40
1648	37
1648.42	39
1648.85	47
1649.27	41
1649.69	40
1650.11	39
1650.54	36
1650.96	38
1651.38	35
1651.8	28
1652.23	41
1652.65	37
1653.07	25
1653.49	32
1653.91	31
1654.34	38
1654.76	34
1655.18	41
1655.6	40
1656.02	36
1656.45	33
1656.87	37
1657.29	41
1657.71	33
1658.13	37
1658.56	30
1658.98	32
1659.4	28
1659.82	30
1660.24	29
1660.66	39
1661.08	39
1661.51	32
1661.93	33
1662.35	32
1662.77	33
1663.19	39
1663.61	40
1664.03	26
1664.46	34
1664.88	29
1665.3	35
1665.72	30
1666.14	29
1666.56	33
1666.98	29
1667.4	21
1667.82	25
1668.24	24
1668.67	31
1669.09	25
1669.51	31
1669.93	26
1670.35	22
1670.77	30
1671.19	25
1671.61	24
1672.03	29
1672.45	27
1672.87	23
1673.29	27
1673.71	30
1674.14	25
1674.56	25
1674.98	22
1675.4	31
1675.82	27
1676.24	29
1676.66	31
1677.08	28
1677.5	30
1677.92	32
1678.34	32
1678.76	18
1679.18	27
1679.6	35
1680.02	27
1680.44	24
1680.86	39
1681.28	24
1681.7	29
1682.12	23
1682.54	31
1682.96	25
1683.38	26
1683.8	27
1684.22	21
1684.64	22
1685.06	32
1685.48	23
1685.9	27
1686.32	28
1686.74	32
1687.16	31
1687.58	25
1688	24
1688.42	27
1688.83	24
1689.25	28
1689.67	22
1690.09	22
1690.51	23
1690.93	26
1691.35	23
1691.77	20
1692.19	25
1692.61	27
1693.03	26
1693.45	22
1693.87	29
1694.28	22
1694.7	19
1695.12	21
1695.54	27
1695.96	23
1696.38	20
1696.8	33
1697.22	24
1697.64	22
1698.06	21
1698.47	25
1698.89	29
1699.31	22
1699.73	22
1700.15	26
1700.57	16
1700.99	23
1701.4	16
1701.82	25
1702.24	16
1702.66	13
1703.08	20
1703.5	20
1703.91	26
1704.33	19
1704.75	13
1705.17	26
1705.59	33
1706.01	22
1706.42	21
1706.84	24
1707.26	17
1707.68	28
1708.1	18
1708.51	20
1708.93	29
1709.35	22
1709.77	20
1710.19	20
1710.6	31
1711.02	20
1711.44	31
1711.86	21
1712.27	20
1712.69	21
1713.11	23
1713.53	25
1713.95	22
1714.36	18
1714.78	24
1715.2	21
1715.61	25
1716.03	27
1716.45	19
1716.87	22
1717.29	21
1717.7	28
1718.12	22
1718.54	25
1718.95	25
1719.37	18
1719.79	13
1720.2	21
1720.62	21
1721.04	26
1721.46	13
1721.87	23
1722.29	19
1722.71	28
1723.12	26
1723.54	19
1723.96	27
1724.37	25
1724.79	27
1725.21	23
1725.63	24
1726.04	18
1726.46	8
1726.87	22
1727.29	24
1727.71	18
1728.12	20
1728.54	24
1728.96	21
1729.37	23
1729.79	27
1730.21	20
1730.62	24
1731.04	23
1731.45	21
1731.87	24
1732.29	24
1732.71	21
1733.12	21
1733.54	25
1733.95	25
1734.37	23
1734.78	13
1735.2	22
1735.62	22
1736.03	20
1736.45	24
1736.87	18
1737.28	19
1737.7	23
1738.11	21
1738.53	25
1738.94	21
1739.36	13
1739.78	29
1740.19	26
1740.61	18
1741.02	18
1741.44	26
1741.85	18
1742.27	25
1742.68	13
1743.1	23
1743.52	25
1743.93	17
1744.35	25
1744.76	24
1745.18	16
1745.59	19
1746.01	20
1746.42	24
1746.84	24
1747.25	21
1747.67	13
1748.08	18
1748.5	25
1748.91	16
1749.33	24
1749.74	22
1750.16	21
1750.57	25
1750.99	7
1751.4	23
1751.82	20
1752.23	18
1752.64	22
1753.06	27
1753.47	23
1753.89	21
1754.3	26
1754.72	24
1755.13	23
1755.55	22
1755.96	23
1756.38	12
1756.79	13
1757.21	20
1757.62	25
1758.03	20
1758.45	22
1758.86	23
1759.28	23
1759.69	15
1760.1	22
1760.52	23
1760.93	20
1761.35	19
1761.76	24
1762.17	23
1762.59	26
1763	18
1763.42	20
1763.83	20
1764.25	24
1764.66	17
1765.07	23
1765.49	13
1765.9	24
1766.31	20
1766.73	18
1767.14	24
1767.55	19
1767.97	25
1768.38	18
1768.79	23
1769.21	28
1769.62	21
1770.03	18
1770.45	25
1770.86	26
1771.28	24
1771.69	20
1772.1	17
1772.51	16
1772.93	22
1773.34	16
1773.75	16
1774.17	17
1774.58	22
1774.99	25
1775.41	16
1775.82	22
1776.23	19
1776.65	24
1777.06	25
1777.47	13
1777.88	13
1778.3	24
1778.71	16
1779.12	19
1779.53	23
1779.95	10
1780.36	17
1780.77	21
1781.19	18
1781.6	21
1782.01	22
1782.42	22
1782.83	18
1783.25	15
1783.66	26
1784.07	15
1784.49	21
1784.9	21
1785.31	22
1785.72	12
1786.13	28
1786.55	21
1786.96	22
1787.37	22
1787.78	18
1788.19	15
1788.61	4
1789.02	17
1789.43	20
1789.84	25
1790.26	19
1790.67	20
1791.08	20
1791.49	19
1791.9	16
1792.31	21
1792.72	25
1793.14	21
1793.55	19
1793.96	15
1794.37	20
1794.78	28
1795.19	25
1795.61	17
1796.02	21
1796.43	16
1796.84	26
1797.25	17
1797.66	20
1798.07	18
1798.49	17
1798.9	28
1799.31	16
1799.72	22
1800.13	17
1800.54	18
1800.95	19
1801.36	29
1801.77	23
1802.19	18
1802.6	15
1803.01	16
1803.42	12
1803.83	19
1804.24	31
1804.65	22
1805.06	18
1805.47	14
1805.88	19
1806.3	15
1806.71	19
1807.12	19
1807.53	16
1807.94	8
1808.35	18
1808.76	12
1809.17	19
1809.58	16
1809.99	17
1810.4	22
1810.81	19
1811.22	15
1811.63	24
1812.04	24
1812.45	24
1812.86	20
1813.27	18
1813.68	11
1814.09	20
1814.5	21
1814.91	20
1815.32	21
1815.73	25
1816.14	24
1816.55	20
1816.96	20
1817.37	19
1817.78	23
1818.19	22
1818.6	20
1819.01	13
1819.42	23
1819.83	21
1820.24	14
1820.65	21
1821.06	20
1821.47	17
1821.88	17
1822.29	21
1822.7	22
1823.11	18
1823.52	8
1823.93	19
1824.33	21
1824.74	20
1825.15	24
1825.56	20
1825.97	24
1826.38	18
1826.79	22
1827.2	15
1827.61	16
1828.02	17
1828.43	21
1828.84	21
1829.25	18
1829.65	18
1830.06	13
1830.47	17
1830.88	24
1831.29	19
1831.7	17
1832.11	25
1832.52	21
1832.92	12
1833.33	18
1833.74	17
1834.15	19
1834.56	15
1834.97	26
1835.38	22
1835.78	18
1836.19	21
1836.6	15
1837.01	16
1837.42	22
1837.83	9
1838.24	19
1838.64	16
1839.05	13
1839.46	19
1839.87	15
1840.28	28
1840.68	19.0664
1841.09	17.8749
1841.5	13.9227
1841.91	21.8047
1842.32	21.0748
1842.72	17.1904
1843.13	15.166
1843.54	16.8525
1843.95	16.7479
1844.36	19.3524
1844.76	17.7522
1845.17	20.5882
1845.58	15.9014
1845.99	20.3524
1846.39	20.9028
1846.8	13.303
1847.21	20.9341
1847.62	19.9684
1848.03	19.1745
1848.43	21.2371
1848.84	16.7624
1849.25	19.5598
1849.66	11.4824
1850.06	20.0245
1850.47	18.665
1850.88	15.4762
1851.29	22.6758
1851.69	24.6154
1852.1	17.7311
1852.51	20.5689
1852.91	22.3502
1853.32	17.6674
1853.73	19.6256
1854.14	18.0737
1854.54	14.8725
1854.95	16.7564
1855.36	15.8785
1855.76	17.4151
1856.17	10.5734
1856.58	20.2698
1856.98	19.4744
1857.39	15.3453
1857.8	18.36
1858.21	18.9909
1858.61	16.2886
1859.02	19.2168
1859.43	21.3056
1859.83	18.1907
1860.24	16.7968
1860.65	22.9974
1861.05	20.774
1861.46	16.7684
1861.87	17.6733
1862.27	16.3101
1862.68	19.926
1863.08	22.9127
1863.49	21.9872
1863.9	19.8298
1864.3	17.3658
1864.71	19.0551
1865.12	21.6904
1865.52	20.1157
1865.93	17.8726
1866.33	18.5004
1866.74	19.8693
1867.15	19.0684
1867.55	19.9546
1867.96	20.9057
1868.37	19.2191
1868.77	21.5815
1869.18	20.6698
1869.58	17.7217
1869.99	20.39
1870.4	19.4367
1870.8	15.0677
1871.21	16.2006
1871.61	20.2917
1872.02	22.9782
1872.43	17.5022
1872.83	14.9404
1873.24	15.1846
1873.64	15.0552
1874.05	23.5924
1874.45	18.3632
1874.86	17.9591
1875.27	17.0505
1875.67	19.7157
1876.08	13.9695
1876.48	23.8193
1876.89	19.7293
1877.29	12.623
1877.7	21.8723
1878.1	15.5904
1878.51	19.3672
1878.91	25.692
1879.32	14.8915
1879.72	13.9975
1880.13	12.5046
1880.53	21.8302
1880.94	21.864
1881.34	17.1988
1881.75	11.992
1882.16	18.4407
1882.56	20.856
1882.96	23.5879
1883.37	19.6094
1883.42	19
1883.83	20
1884.24	25
1884.65	16
1885.06	16
1885.47	13
1885.88	24
1886.29	19
1886.7	15
1887.11	24
1887.52	21
1887.93	17
1888.34	9
1888.75	23
1889.16	12
1889.57	21
1889.98	25
1890.39	20
1890.8	18
1891.21	21
1891.62	12
1892.03	22
1892.44	17
1892.84	17
1893.25	15
1893.66	21
1894.07	23
1894.48	15
1894.89	16
1895.3	16
1895.71	14
1896.12	18
1896.53	22
1896.94	13
1897.34	18
1897.75	20
1898.16	17
1898.57	16
1898.98	23
1899.39	24
1899.8	19
1900.21	24
1900.62	12
1901.02	22
1901.43	24
1901.84	21
1902.25	24
1902.66	23
1903.07	20
1903.48	14
1903.89	23
1904.29	15
1904.7	11
1905.11	17
1905.52	24
1905.93	27
1906.34	22
1906.75	13
1907.15	18
1907.56	15
1907.97	19
1908.38	26
1908.79	13
1909.19	14
1909.6	17
1910.01	23
1910.42	27
1910.83	18
1911.23	20
1911.64	16
1912.05	29
1912.46	10
1912.87	13
1913.27	18
1913.68	18
1914.09	20
1914.5	16
1914.91	10
1915.31	18
1915.72	16
1916.13	14
1916.54	16
1916.94	17
1917.35	20
1917.76	19
1918.17	9
1918.57	17
1918.98	20
1919.39	20
1919.8	20
1920.2	21
1920.61	12
1921.02	24
1921.43	21
1921.83	19
1922.24	16
1922.65	25
1923.05	13
1923.46	21
1923.87	16
1924.28	21
1924.68	19
1925.09	15
1925.5	18
1925.9	14
1926.31	24
1926.72	15
1927.13	23
1927.53	19
1927.94	20
1928.35	17
1928.75	19
1929.16	20
1929.57	25
1929.97	18
1930.38	23
1930.78	17
1931.19	17
1931.6	19
1932	19
1932.41	18
1932.82	18
1933.22	19
1933.63	25
1934.04	15
1934.44	16
1934.85	20
1935.26	17
1935.66	21
1936.07	19
1936.48	20
1936.88	19
1937.29	17
1937.69	22
1938.1	21
1938.51	20
1938.91	15
1939.32	13
1939.72	18
1940.13	23
1940.53	25
1940.94	23
1941.35	13
1941.75	15
1942.16	17
1942.57	14
1942.97	27
1943.38	20
1943.78	18
1944.19	20
1944.59	24
1945	18
1945.4	27
1945.81	15
1946.21	17
1946.62	17
1947.03	28
1947.43	22
1947.84	11
1948.24	20
1948.65	15
1949.05	23
1949.46	17
1949.86	12
1950.27	22
1950.67	20
1951.08	20
1951.48	17
1951.89	26
1952.29	22
1952.7	19
1953.1	22
1953.51	22
1953.91	23
1954.32	16
1954.72	26
1955.13	21
1955.53	20
1955.94	20
1956.34	20
1956.75	19
1957.15	16
1957.56	17
1957.96	19
1958.37	20
1958.77	15
1959.18	24
1959.58	19
1959.98	19
1960.39	23
1960.79	19
1961.2	18
1961.6	25
1962.01	11
1962.41	18
1962.81	18
1963.22	28
1963.62	22
1964.03	18
1964.43	15
1964.84	16
1965.24	20
1965.64	18
1966.05	17
1966.45	20
1966.86	19
1967.26	15
1967.66	28
1968.07	26
1968.47	18
1968.87	22
1969.28	22
1969.68	27
1970.09	25
1970.49	20
1970.89	21
1971.3	19
1971.7	20
1972.1	22
1972.51	21
1972.91	17
1973.32	21
1973.72	15
1974.12	21
1974.53	19
1974.93	12
1975.33	16
1975.74	16
1976.14	19
1976.54	15
1976.94	17
1977.35	17
1977.75	20
1978.15	20
1978.56	19
1978.96	21
1979.36	25
1979.77	24
1980.17	20
1980.57	18
1980.98	24
1981.38	19
1981.78	18
1982.18	19
1982.59	20
1982.99	19
1983.39	27
1983.8	18
1984.2	17
1984.6	17
1985	17
1985.41	16
1985.81	19
1986.21	24
1986.61	18
1987.02	17
1987.42	8
1987.82	10
1988.22	19
1988.63	21
1989.03	16
1989.43	16
1989.83	20
1990.24	22
1990.64	15
1991.04	20
1991.44	17
1991.84	16
1992.25	21
1992.65	19
1993.05	17
1993.45	16
1993.86	20
1994.26	11
1994.66	20
1995.06	24
1995.46	20
1995.86	13
1996.27	14
1996.67	19
1997.07	26
1997.47	15
1997.87	26
1998.27	13
1998.68	14
1999.08	21
1999.48	24
1999.88	16
2000.28	20
2000.68	10
2001.09	30
2001.49	28
2001.89	21
2002.29	10
2002.69	18
2003.09	19
2003.49	18
2003.9	17
2004.3	25
2004.7	24
2005.1	17
2005.5	17
2005.9	28
2006.3	26
2006.7	24
2007.1	22
2007.51	20
2007.91	22
2008.31	22
2008.71	13
2009.11	20
2009.51	24
2009.91	18
2010.31	17
2010.71	22
2011.11	17
2011.51	19
2011.91	16
2012.31	22
2012.72	24
2013.12	20
2013.52	20
2013.92	20
2014.32	14
2014.72	14
2015.12	20
2015.52	16
2015.92	18
2016.32	15
2016.72	17
2017.12	17
2017.52	21
2017.92	19
2018.32	12
2018.72	18
2019.12	17
2019.52	17
2019.92	20
2020.32	18
2020.72	17
2021.12	18
2021.52	17
2021.92	18
2022.32	24
2022.72	20
2023.12	12
2023.52	15
2023.92	19
2024.32	16
2024.72	14
2025.12	10
2025.52	15
2025.92	14
2026.32	16
2026.72	23
2027.12	17
2027.52	14
2027.92	22
2028.32	14
2028.72	24
2029.12	13
2029.51	21
2029.91	15
2030.31	20
2030.71	23
2031.11	18
2031.51	18
2031.91	17
2032.31	22
2032.71	18
2033.11	19
2033.51	22
2033.91	23
2034.31	21
2034.7	12
2035.1	19
2035.5	22
2035.9	16
2036.3	15
2036.7	24
2037.1	23
2037.5	16
2037.9	22
2038.29	19
2038.69	17
2039.09	18
2039.49	18
2039.89	21
2040.29	22
2040.69	17
2041.09	15
2041.48	12
2041.88	16
2042.28	19
2042.68	18
2043.08	17
2043.48	20
2043.87	16
2044.27	18
2044.67	21
2045.07	16
2045.47	19
2045.86	22
2046.26	23
2046.66	18
2047.06	24
2047.46	18
2047.86	22
2048.25	15
2048.65	19
2049.05	18
2049.45	15
2049.85	17
2050.24	15
2050.64	19
2051.04	15
2051.44	18
2051.83	13
2052.23	23
2052.63	22
2053.03	19
2053.43	11
2053.82	17
2054.22	20
2054.62	18
2055.02	23
2055.41	18
2055.81	19
2056.21	17
2056.61	22
2057	16
2057.4	24
2057.8	16
2058.2	12
2058.59	10
2058.99	19
2059.39	21
2059.78	19
2060.18	20
2060.58	16
2060.98	22
2061.37	21
2061.77	26
2062.17	22
2062.56	25
2062.96	20
2063.36	24
2063.75	14
2064.15	15
2064.55	21
2064.94	18
2065.34	20
2065.74	22
2066.13	20
2066.53	19
2066.93	14
2067.32	15
2067.72	15
2068.12	26
2068.51	22
2068.91	21
2069.31	17
2069.7	20
2070.1	17
2070.5	19
2070.89	24
2071.29	15
2071.69	13
2072.08	24
2072.48	13
2072.87	16
2073.27	15
2073.67	22
2074.06	20
2074.46	17
2074.85	14
2075.25	22
2075.65	26
2076.04	12
2076.44	13
2076.83	24
2077.23	24
2077.63	22
2078.02	20
2078.42	16
2078.81	17
2079.21	15
2079.6	17
2080	18
2080.4	20
2080.79	11
2081.19	16
2081.58	23
2081.98	19
2082.37	17
2082.77	19
2083.17	15
2083.56	17
2083.96	16
2084.35	23
2084.75	21
2085.14	24
2085.54	9
2085.93	16
2086.33	25
2086.72	19
2087.12	24
2087.51	16
2087.91	18
2088.3	22
2088.7	17
2089.09	19
2089.49	18
2089.88	19
2090.28	20
2090.67	22
2091.07	24
2091.46	19
2091.86	21
2092.25	21
2092.65	18
2093.04	15
2093.44	20
2093.83	20
2094.23	22
2094.62	19
2095.02	20
2095.41	13
2095.8	16
2096.2	19
2096.59	16
2096.99	3
2097.38	23
2097.78	19
2098.17	24
2098.57	15
2098.96	13
2099.35	14
2099.75	20
2100.14	21
2100.54	13
2100.93	24
2101.32	15
2101.72	20
2102.11	25
2102.51	9
2102.9	20
2103.3	16
2103.69	19
2104.08	23
2104.48	21
2104.87	23
2105.27	20
2105.66	22
2106.05	19
2106.45	21
2106.84	19
2107.23	17
2107.63	19
2108.02	22
2108.42	19
2108.81	16
2109.2	13
2109.6	17
2109.99	13
2110.38	18
2110.78	26
2111.17	23
2111.56	16
2111.96	23
2112.35	23
2112.74	19
2113.14	14
2113.53	16
2113.92	23
2114.32	16
2114.71	14
2115.1	15
2115.5	14
2115.89	8
2116.28	15
2116.67	23
2117.07	15
2117.46	17
2117.85	12
2118.25	18
2118.64	18
2119.03	26
2119.42	11
2119.82	10
2120.21	27
2120.6	18
2121	20
2121.39	20
2121.78	22
2122.17	29
2122.57	16
2122.96	16
2123.35	14
2123.74	19
2124.14	24
2124.53	17
2124.92	13
2125.31	22
2125.7	21
2126.1	13
2126.49	21
2126.88	16
2127.27	8
2127.67	17
2128.06	17
2128.45	20
2128.84	13
2129.23	18
2129.63	15
2130.02	20
2130.41	16
2130.8	22
2131.19	16
2131.59	13
2131.98	18
2132.37	20
2132.76	17
2133.15	15
2133.54	10
2133.94	21
2134.33	21
2134.72	17
2135.11	21
2135.5	18
2135.89	7
2136.29	21
2136.68	23
2137.07	16
2137.46	16
2137.85	21
2138.24	16
2138.63	16
2139.03	20
2139.42	24
2139.81	20
2140.2	20
2140.59	10
2140.98	18
2141.37	23
2141.77	19
2142.16	19
2142.55	17
2142.94	24
2143.33	23
2143.72	13
2144.11	21
2144.5	18
2144.89	18
2145.28	16
2145.68	22
2146.07	18
2146.46	17
2146.85	18
2147.24	19
2147.63	17
2148.02	17
2148.41	21
2148.8	20
2149.19	21
2149.58	17
2149.97	19
2150.36	15
2150.75	21
2151.14	16
2151.53	16
2151.92	13
2152.31	19
2152.71	17
2153.1	14
2153.49	15
2153.88	18
2154.27	12
2154.66	19
2155.05	15
2155.44	22
2155.83	17
2156.22	20
2156.61	10
2157	16
2157.39	18
2157.78	18
2158.17	13
2158.56	14
2158.95	21
2159.34	18
2159.73	16
2160.12	16
2160.51	12
2160.9	23
2161.28	25
2161.67	23
2162.06	17
2162.45	24
2162.84	25
2163.23	21
2163.62	18
2164.01	23
2164.4	16
2164.79	15
2165.18	13
2165.57	16
2165.96	14
2166.35	13
2166.74	9
2167.13	13
2167.52	17
2167.91	17
2168.29	12
2168.68	20
2169.07	13
2169.46	12
2169.85	19
2170.24	24
2170.63	13
2171.02	12
2171.41	16
2171.8	20
2172.19	21
2172.57	15
2172.96	19
2173.35	24
2173.74	19
2174.13	17
2174.52	17
2174.91	18
2175.3	17
2175.68	19
2176.07	24
2176.46	21
2176.85	10
2177.24	18
2177.63	18
2178.02	22
2178.4	14
2178.79	18
2179.18	17
2179.57	15
2179.96	13
2180.34	20
2180.73	22
2181.12	15
2181.51	18
2181.9	11
2182.29	17
2182.68	13
2183.06	15
2183.45	21
2183.84	18
2184.23	14
2184.61	13
2185	19
2185.39	14
2185.78	20
2186.17	20
2186.55	13
2186.94	22
2187.33	15
2187.72	20
2188.11	18
2188.49	13
2188.88	17
2189.27	17
2189.66	19
2190.04	15
2190.43	17
2190.82	15
2191.21	24
2191.59	16
2191.98	20
2192.37	19
2192.76	11
2193.14	14
2193.53	12
2193.92	19
2194.3	17
2194.69	13
2195.08	15
2195.47	24
2195.85	15
2196.24	14
2196.63	14
2197.02	19
2197.4	16
2197.79	24
2198.18	15
2198.56	22
2198.95	16
2199.34	12
2199.72	15
2200.11	15
2200.5	20
2200.89	14
2201.27	18
2201.66	12
2202.04	19
2202.43	21
2202.82	15
2203.2	18
2203.59	14
2203.98	12
2204.36	30
2204.75	22
2205.14	17
2205.52	17
2205.91	5
2206.3	16
2206.68	15
2207.07	12
2207.46	20
2207.84	17
2208.23	12
2208.61	20
2209	19
2209.39	28
2209.77	17
2210.16	16
2210.54	18
2210.93	17
2211.32	24.052
2211.7	12.9816
2212.09	17.0544
2212.47	9.38978
2212.86	13.1587
2213.25	18.21
2213.63	17.8704
2214.02	10.618
2214.4	20.4672
2214.79	16.7044
2215.18	19.6691
2215.56	18.4088
2215.95	22.5826
2216.33	22.1762
2216.72	19.8308
2217.1	19.2994
2217.49	18.7153
2217.88	20.9318
2218.26	20.4227
2218.65	13.4568
2219.03	13.8451
2219.42	21.3314
2219.8	24.3995
2220.19	22.5262
2220.57	17.2892
2220.96	13.1161
2221.34	17.8118
2221.73	14.6897
2222.11	20.1094
2222.5	20.3076
2222.88	20.3818
2223.27	18.0426
2223.65	12.6883
2224.04	18
2224.42	18.7357
2224.81	20.3698
2225.19	18.1507
2225.58	23.2188
2225.96	18.3336
2226.35	16.2586
2226.73	17.402
2227.12	19.1502
2227.5	14.3541
2227.89	19.4844
2228.27	20.6339
2228.66	18.2583
2229.04	16.4219
2229.43	18.763
2229.81	21.9974
2230.2	20.2299
2230.58	17.5146
2230.96	16.7406
2231.35	20.6825
2231.73	20.212
2232.12	19.9976
2232.5	19.7566
2232.89	22.171
2233.27	14.6298
2233.66	15.9912
2234.04	16.3568
2234.43	16.263
2234.81	20.1842
2235.19	18.1416
2235.58	16.204
2235.96	18.3032
2236.35	17.0878
2236.73	20.2978
2237.11	17.2241
2237.5	18.1458
2237.88	16.3548
2238.27	20.7507
2238.65	18.0293
2239.03	16.9792
2239.42	16.5782
2239.8	12.5918
2240.19	20.5585
2240.57	14.3248
2240.95	19.2131
2241.34	18.5754
2241.72	21.7416
2242.11	21.3951
2242.49	20.5926
2242.87	22.8263
2243.26	13.749
2243.64	20.7263
2244.02	20.3228
2244.41	16.1172
2244.79	25.026
2245.17	16.3536
2245.56	16.2708
2245.94	17.3072
2246.32	16.9531
2246.71	21.5427
2247.09	18.1187
2247.47	21.6123
2247.86	14.8354
2247.9	14
2248.29	16
2248.67	18
2249.06	24
2249.45	17
2249.84	12
2250.23	7
2250.62	17
2251	15
2251.39	17
2251.78	21
2252.17	23
2252.56	19
2252.94	19
2253.33	19
2253.72	22
2254.11	19
2254.49	19
2254.88	17
2255.27	19
2255.66	12
2256.05	20
2256.43	20
2256.82	17
2257.21	16
2257.6	20
2257.99	18
2258.37	18
2258.76	18
2259.15	12
2259.53	12
2259.92	14
2260.31	17
2260.7	22
2261.09	19
2261.47	10
2261.86	20
2262.25	18
2262.64	24
2263.02	16
2263.41	14
2263.8	22
2264.18	14
2264.57	19
2264.96	17
2265.35	20
2265.73	18
2266.12	20
2266.51	15
2266.89	22
2267.28	18
2267.67	14
2268.05	26
2268.44	19
2268.83	16
2269.21	21
2269.6	19
2269.99	24
2270.37	18
2270.76	16
2271.15	16
2271.53	20
2271.92	21
2272.31	21
2272.69	23
2273.08	21
2273.47	17
2273.85	13
2274.24	20
2274.63	25
2275.01	11
2275.4	25
2275.79	15
2276.17	17
2276.56	26
2276.94	26
2277.33	19
2277.72	21
2278.1	12
2278.49	20
2278.87	15
2279.26	20
2279.65	16
2280.03	24
2280.42	23
2280.81	14
2281.19	15
2281.58	17
2281.96	11
2282.35	23
2282.74	14
2283.12	19
2283.51	14
2283.89	20
2284.28	18
2284.66	18
2285.05	20
2285.43	18
2285.82	22
2286.21	21
2286.59	21
2286.98	22
2287.36	21
2287.75	21
2288.13	22
2288.52	20
2288.9	16
2289.29	21
2289.68	12
2290.06	14
2290.45	19
2290.83	11
2291.22	11
2291.6	13
2291.99	19
2292.37	20
2292.76	23
2293.14	10
2293.53	18
2293.91	12
2294.3	22
2294.68	17
2295.07	19
2295.45	21
2295.84	21
2296.22	19
2296.61	19
2296.99	20
2297.38	24
2297.76	13
2298.15	18
2298.53	17
2298.91	21
2299.3	24
2299.68	20
2300.07	14
2300.45	16
2300.84	20
2301.22	20
2301.61	25
2301.99	27
2302.38	23
2302.76	19
2303.14	20
2303.53	24
2303.91	15
2304.3	20
2304.68	16
2305.07	14
2305.45	22
2305.84	18
2306.22	17
2306.6	21
2306.99	12
2307.37	18
2307.76	19
2308.14	9
2308.52	10
2308.91	16
2309.29	19
2309.68	23
2310.06	20
2310.44	19
2310.83	11
2311.21	19
2311.59	20
2311.98	22
2312.36	17
2312.75	24
2313.13	18
2313.51	27
2313.9	15
2314.28	19
2314.66	20
2315.05	22
2315.43	19
2315.81	16
2316.2	20
2316.58	19
2316.96	25
2317.35	23
2317.73	14
2318.11	18
2318.5	15
2318.88	16
2319.26	23
2319.65	14
2320.03	10
2320.41	18
2320.8	12
2321.18	26
2321.56	17
2321.95	16
2322.33	22
2322.71	22
2323.09	17
2323.48	22
2323.86	24
2324.24	15
2324.63	20
2325.01	21
2325.39	25
2325.77	13
2326.16	17
2326.54	26
2326.92	25
2327.3	18
2327.69	22
2328.07	20
2328.45	19
2328.84	19
2329.22	24
2329.6	16
2329.98	17
2330.37	22
2330.75	21
2331.13	14
2331.51	25
2331.89	17
2332.28	23
2332.66	24
2333.04	18
2333.42	22
2333.81	16
2334.19	18
2334.57	17
2334.95	22
2335.33	27
2335.71	21
2336.1	10
2336.48	23
2336.86	15
2337.24	14
2337.62	15
2338.01	24
2338.39	19
2338.77	18
2339.15	12
2339.53	23
2339.92	16
2340.3	15
2340.68	19
2341.06	21
2341.44	17
2341.82	21
2342.2	16
2342.59	20
2342.97	6
2343.35	21
2343.73	23
2344.11	18
2344.49	19
2344.88	18
2345.26	23
2345.64	20
2346.02	23
2346.4	26
2346.78	18
2347.16	21
2347.54	21
2347.93	14
2348.31	22
2348.69	28
2349.07	15
2349.45	17
2349.83	19
2350.21	24
2350.59	17
2350.97	19
2351.35	22
2351.74	22
2352.12	17
2352.5	22
2352.88	20
2353.26	16
2353.64	17
2354.02	21
2354.4	20
2354.78	21
2355.16	26
2355.54	24
2355.92	18
2356.3	23
2356.68	17
2357.06	24
2357.44	13
2357.83	16
2358.21	30
2358.59	23
2358.97	23
2359.35	23
2359.73	18
2360.11	18
2360.49	21
2360.87	22
2361.25	16
2361.63	22
2362.01	18
2362.39	25
2362.77	19
2363.15	18
2363.53	19
2363.91	16
2364.29	18
2364.67	22
2365.05	19
2365.43	24
2365.81	22
2366.19	16
2366.57	17
2366.95	21
2367.33	26
2367.71	17
2368.09	18
2368.47	21
2368.85	24
2369.23	16
2369.6	19
2369.98	20
2370.36	20
2370.74	11
2371.12	23
2371.5	23
2371.88	20
2372.26	21
2372.64	25
2373.02	18
2373.4	23
2373.78	21
2374.16	26
2374.54	21
2374.92	21
2375.3	23
2375.68	21
2376.05	20
2376.43	21
2376.81	10
2377.19	20
2377.57	17
2377.95	16
2378.33	22
2378.71	27
2379.08	26
2379.46	21
2379.84	19
2380.22	20
2380.6	16
2380.98	20
2381.36	19
2381.74	16
2382.12	23
2382.49	16
2382.87	18
2383.25	18
2383.63	20
2384.01	21
2384.39	25
2384.77	14
2385.14	22
2385.52	23
2385.9	17
2386.28	26
2386.66	18
2387.04	29
2387.41	19
2387.79	20
2388.17	15
2388.55	19
2388.93	22
2389.3	20
2389.68	23
2390.06	15
2390.44	20
2390.82	13
2391.19	20
2391.57	20
2391.95	17
2392.33	24
2392.71	24
2393.09	16
2393.46	23
2393.84	13
2394.22	20
2394.6	21
2394.97	25
2395.35	25
2395.73	22
2396.11	24
2396.48	20
2396.86	16
2397.24	30
2397.62	21
2397.99	17
2398.37	18
2398.75	22
2399.13	18
2399.5	24
2399.88	17
2400.26	16
2400.64	28
2401.01	20
2401.39	15
2401.77	18
2402.15	11
2402.52	17
2402.9	27
2403.28	15
2403.65	19
2404.03	24
2404.41	17
2404.79	21
2405.16	19
2405.54	21
2405.92	28
2406.29	25
2406.67	25
2407.05	24
2407.42	25
2407.8	25
2408.18	24
2408.55	18
2408.93	18
2409.31	24
2409.68	17
2410.06	24
2410.44	17
2410.81	24
2411.19	26
2411.57	28
2411.94	17
2412.32	21
2412.7	19
2413.07	21
2413.45	16
2413.82	22
2414.2	24
2414.58	26
2414.95	27
2415.33	24
2415.71	19
2416.08	17
2416.46	25
2416.83	25
2417.21	24
2417.59	17
2417.96	24
2418.34	28
2418.72	30
2419.09	16
2419.47	23
2419.84	20
2420.22	22
2420.6	16
2420.97	19
2421.35	26
2421.72	21
2422.1	20
2422.47	17
2422.85	20
2423.22	18
2423.6	24
2423.98	22
2424.35	25
2424.73	24
2425.1	26
2425.48	25
2425.86	22
2426.23	23
2426.61	25
2426.98	31
2427.36	24
2427.73	18
2428.11	29
2428.48	18
2428.86	24
2429.23	25
2429.61	16
2429.98	26
2430.36	22
2430.73	21
2431.11	24
2431.48	29
2431.86	24
2432.23	28
2432.61	24
2432.98	22
2433.36	18
2433.73	24
2434.11	18
2434.48	18
2434.86	24
2435.23	24
2435.61	27
2435.98	27
2436.36	26
2436.73	26
2437.11	24
2437.48	26
2437.85	21
2438.23	28
2438.6	25
2438.98	25
2439.35	30
2439.73	21
2440.1	27
2440.48	22
2440.85	24
2441.23	22
2441.6	22
2441.97	24
2442.35	25
2442.72	13
2443.1	18
2443.47	19
2443.85	24
2444.22	18
2444.59	17
2444.97	15
2445.34	26
2445.72	26
2446.09	22
2446.46	26
2446.84	24
2447.21	26
2447.59	15
2447.96	26
2448.33	26
2448.71	17
2449.08	17
2449.46	26
2449.83	25
2450.2	18
2450.58	29
2450.95	29
2451.32	20
2451.7	29
2452.07	26
2452.44	22
2452.82	24
2453.19	22
2453.56	25
2453.94	23
2454.31	23
2454.69	22
2455.06	19
2455.43	26
2455.8	20
2456.18	25
2456.55	26
2456.92	21
2457.3	32
2457.67	22
2458.05	23
2458.42	19
2458.79	25
2459.16	27
2459.54	35
2459.91	27
2460.28	24
2460.66	32
2461.03	28
2461.4	23
2461.77	26
2462.15	18
2462.52	25
2462.89	21
2463.27	19
2463.64	24
2464.01	23
2464.38	23
2464.76	23
2465.13	19
2465.5	28
2465.87	21
2466.25	22
2466.62	32
2466.99	26
2467.37	26
2467.74	20
2468.11	13
2468.48	21
2468.85	31
2469.23	18
2469.6	27
2469.97	31
2470.34	24
2470.72	21
2471.09	22
2471.46	31
2471.83	20
2472.2	27
2472.58	23
2472.95	28
2473.32	25
2473.69	26
2474.06	21
2474.44	24
2474.81	26
2475.18	17
2475.55	24
2475.92	23
2476.3	26
2476.67	25
2477.04	24
2477.41	28
2477.78	24
2478.15	19
2478.53	21
2478.9	26
2479.27	18
2479.64	17
2480.01	19
2480.38	24
2480.76	26
2481.13	26
2481.5	29
2481.87	29
2482.24	17
2482.61	21
2482.98	13
2483.35	21
2483.73	22
2484.1	26
2484.47	28
2484.84	20
2485.21	21
2485.58	22
2485.95	26
2486.32	21
2486.7	24
2487.07	16
2487.44	21
2487.81	29
2488.18	26
2488.55	27
2488.92	21
2489.29	19
2489.66	24
2490.03	23
2490.41	25
2490.78	23
2491.15	27
2491.52	19
2491.89	27
2492.26	31
2492.63	24
2493	14
2493.37	22
2493.74	25
2494.11	22
2494.48	19
2494.85	26
2495.22	19
2495.59	18
2495.96	19
2496.33	21
2496.7	26
2497.07	24
2497.45	22
2497.81	24
2498.19	21
2498.55	23
2498.93	24
2499.3	24
2499.67	21
2500.04	19
2500.41	33
2500.78	27
2501.15	21
2501.52	25
2501.89	26
2502.26	21
2502.63	30
2503	22
2503.37	26
2503.74	20
2504.1	25
2504.48	17
2504.84	24
2505.22	20
2505.58	16
2505.95	22
2506.32	18
2506.69	25
2507.06	27
2507.43	25
2507.8	14
2508.17	27
2508.54	27
2508.91	21
2509.28	17
2509.65	18
2510.02	18
2510.39	19
2510.76	17
2511.13	22
2511.49	28
2511.86	26
2512.23	27
2512.6	25
2512.97	23
2513.34	24
2513.71	28
2514.08	22
2514.45	22
2514.82	22
2515.19	16
2515.56	24
2515.92	21
2516.29	18
2516.66	26
2517.03	25
2517.4	18
2517.77	18
2518.14	24
2518.51	29
2518.88	23
2519.24	26
2519.61	18
2519.98	19
2520.35	21
2520.72	27
2521.09	17
2521.46	32
2521.82	25
2522.19	18
2522.56	22
2522.93	25
2523.3	15
2523.67	21
2524.03	17
2524.4	24
2524.77	23
2525.14	28
2525.51	19
2525.88	21
2526.24	21
2526.61	27
2526.98	23
2527.35	23
2527.72	24
2528.08	22
2528.45	32
2528.82	23
2529.19	22
2529.56	33
2529.92	26
2530.29	22
2530.66	21
2531.03	21
2531.4	29
2531.76	28
2532.13	26
2532.5	24
2532.87	20
2533.23	21
2533.6	27
2533.97	24
2534.34	25
2534.7	30
2535.07	32
2535.44	25
2535.81	26
2536.17	19
2536.54	22
2536.91	24
2537.28	22
2537.64	21
2538.01	19
2538.38	24
2538.74	26
2539.11	25
2539.48	18
2539.85	22
2540.21	28
2540.58	20
2540.95	15
2541.32	20
2541.68	26
2542.05	18
2542.42	19
2542.78	20
2543.15	27
2543.52	34
2543.88	25
2544.25	20
2544.62	21
2544.98	14
2545.35	20
2545.72	17
2546.09	20
2546.45	24
2546.82	21
2547.19	30
2547.55	31
2547.92	25
2548.29	35
2548.65	20
2549.02	20
2549.39	17
2549.75	23
2550.12	28
2550.48	22
2550.85	22
2551.22	27
2551.58	27
2551.95	30
2552.31	28
2552.68	28
2553.05	23
2553.41	31
2553.78	21
2554.15	16
2554.51	26
2554.88	24
2555.24	23
2555.61	23
2555.98	27
2556.34	28
2556.71	28
2557.07	31
2557.44	30
2557.81	22
2558.17	34
2558.54	30
2558.9	33.0571
2559.27	22.0531
2559.64	29.6934
2560	27.9443
2560.37	18.4006
2560.73	16.5527
2561.1	27.8746
2561.46	28.6429
2561.83	26.8728
2562.19	29.0295
2562.56	25.9697
2562.93	18.4329
2563.29	23.5776
2563.66	27.8642
2564.02	26.8067
2564.39	21.7477
2564.75	20.4714
2565.12	26.3935
2565.48	26.6553
2565.85	26.123
2566.21	25.5603
2566.58	20.4246
2566.94	25.4137
2567.31	30.6646
2567.67	22.6554
2568.04	24.4763
2568.4	21.6891
2568.77	26.9934
2569.14	22.2421
2569.5	27.8852
2569.86	28.1841
2570.23	28.4532
2570.6	28.0511
2570.96	22.7258
2571.32	24.1686
2571.69	25.9861
2572.05	28.3476
2572.42	23.5
2572.78	22.613
2573.15	30.8517
2573.51	27.5113
2573.88	27.5776
2574.24	25.0747
2574.61	22.5211
2574.97	26.7176
2575.34	22.5723
2575.7	23.9846
2576.07	25.2042
2576.43	28.84
2576.79	27.9931
2577.16	22.8884
2577.52	29.0145
2577.89	25.5957
2578.25	24.8719
2578.62	23.6835
2578.98	18.4846
2579.34	31.8663
2579.71	34.4556
2580.07	27.3816
2580.44	26.6588
2580.8	21.6505
2581.17	23.6324
2581.53	23.7857
2581.89	27.1709
2582.26	25.5384
2582.62	30.6311
2582.99	25.5052
2583.35	24.9861
2583.71	29.5919
2584.08	27.7728
2584.44	27.3571
2584.81	28.099
2585.17	23.6551
2585.53	23.0061
2585.9	27.0144
2586.26	29.4314
2586.63	27.4752
2586.99	28.2182
2587.35	26.0632
2587.72	21.4316
2588.08	24.6967
2588.44	24.071
2588.81	25.9286
2589.17	29.9124
2589.53	28.8874
2589.9	24.195
2590.26	26.5316
2590.62	26.9601
2590.99	28.8698
2591.35	28.2026
2591.71	30.4133
2592.08	30.4958
2592.44	26.6911
2592.81	23.791
2593.17	23.0848
2593.53	28.0984
2593.89	33.7494
2594.26	33.7096
2594.62	29.0883
2594.98	26.6068
2595.35	30.6143
2595.71	30.7667
2596.07	30.0493
2596.44	27.2271
2596.8	29.3172
2597.09	34
2597.46	32
2597.82	30
2598.19	23
2598.56	24
2598.93	33
2599.29	27
2599.66	33
2600.03	27
2600.4	34
2600.76	30
2601.13	27
2601.5	29
2601.87	22
2602.23	30
2602.6	27
2602.97	34
2603.34	29
2603.7	33
2604.07	26
2604.44	30
2604.81	38
2605.17	37
2605.54	35
2605.91	28
2606.28	29
2606.64	33
2607.01	33
2607.38	33
2607.74	28
2608.11	28
2608.48	24
2608.85	32
2609.21	34
2609.58	30
2609.95	26
2610.31	29
2610.68	27
2611.05	37
2611.42	43
2611.78	36
2612.15	31
2612.52	29
2612.88	42
2613.25	32
2613.61	27
2613.98	36
2614.35	32
2614.72	28
2615.08	27
2615.45	34
2615.82	34
2616.18	37
2616.55	27
2616.91	33
2617.28	28
2617.65	32
2618.01	30
2618.38	40
2618.75	34
2619.11	24
2619.48	34
2619.84	28
2620.21	32
2620.58	27
2620.94	46
2621.31	35
2621.68	38
2622.04	35
2622.41	46
2622.77	45
2623.14	35
2623.51	43
2623.87	40
2624.24	35
2624.6	29
2624.97	37
2625.34	37
2625.7	39
2626.07	41
2626.43	31
2626.8	34
2627.17	37
2627.53	34
2627.9	38
2628.26	29
2628.63	32
2628.99	43
2629.36	33
2629.72	31
2630.09	42
2630.46	40
2630.82	38
2631.19	38
2631.55	45
2631.92	47
2632.28	35
2632.65	41
2633.01	46
2633.38	35
2633.74	31
2634.11	43
2634.47	40
2634.84	37
2635.2	46
2635.57	38
2635.94	47
2636.3	33
2636.66	34
2637.03	46
2637.4	40
2637.76	37
2638.13	44
2638.49	42
2638.85	38
2639.22	40
2639.58	42
2639.95	46
2640.31	49
2640.68	47
2641.04	41
2641.41	41
2641.77	46
2642.14	46
2642.5	32
2642.87	52
2643.23	54
2643.6	37
2643.96	44
2644.32	50
2644.69	50
2645.05	51
2645.42	51
2645.78	40
2646.15	52
2646.51	50
2646.88	51
2647.24	57
2647.6	45
2647.97	44
2648.33	50
2648.7	41
2649.06	51
2649.43	50
2649.79	43
2650.15	44
2650.52	49
2650.88	48
2651.25	56
2651.61	55
2651.97	48
2652.34	49
2652.7	53
2653.06	68
2653.43	51
2653.79	53
2654.16	47
2654.52	58
2654.88	62
2655.25	62
2655.61	61
2655.98	51
2656.34	50
2656.7	52
2657.07	69
2657.43	63
2657.79	55
2658.16	68
2658.52	68
2658.88	52
2659.25	66
2659.61	58
2659.97	53
2660.34	50
2660.7	65
2661.07	50
2661.43	59
2661.79	69
2662.15	68
2662.52	59
2662.88	67
2663.24	60
2663.61	58
2663.97	56
2664.33	71
2664.7	72
2665.06	67
2665.42	68
2665.79	68
2666.15	78
2666.51	67
2666.87	73
2667.24	71
2667.6	63
2667.96	68
2668.33	72
2668.69	69
2669.05	74
2669.41	80
2669.78	71
2670.14	73
2670.5	63
2670.86	73
2671.23	81
2671.59	74
2671.95	74
2672.32	65
2672.68	79
2673.04	66
2673.4	85
2673.76	82
2674.13	80
2674.49	87
2674.85	78
2675.21	84
2675.58	75
2675.94	83
2676.3	80
2676.66	87
2677.02	89
2677.39	81
2677.75	67
2678.11	71
2678.47	69
2678.84	71
2679.2	70
2679.56	77
2679.92	79
2680.28	103
2680.64	85
2681.01	83
2681.37	88
2681.73	84
2682.09	85
2682.46	94
2682.82	89
2683.18	83
2683.54	79
2683.9	91
2684.26	79
2684.62	82
2684.99	90
2685.35	80
2685.71	101
2686.07	82
2686.43	98
2686.79	93
2687.16	93
2687.52	89
2687.88	96
2688.24	95
2688.6	110
2688.96	80
2689.32	77
2689.68	67
2690.05	102
2690.41	90
2690.77	90
2691.13	86
2691.49	103
2691.85	97
2692.21	94
2692.57	101
2692.94	85
2693.3	106
2693.66	94
2694.02	90
2694.38	88
2694.74	96
2695.1	83
2695.46	83
2695.82	92
2696.18	81
2696.54	94
2696.91	95
2697.27	90
2697.63	90
2697.99	90
2698.35	90
2698.71	88
2699.07	91
2699.43	96
2699.79	94
2700.15	101
2700.51	84
2700.87	81
2701.23	77
2701.59	76
2701.95	98
2702.31	102
2702.67	85
2703.03	88
2703.39	86
2703.75	92
2704.11	103
2704.47	93
2704.84	81
2705.2	90
2705.56	85
2705.92	88
2706.28	80
2706.64	89
2707	76
2707.36	79
2707.72	95
2708.08	83
2708.44	76
2708.8	85
2709.16	86
2709.52	79
2709.88	72
2710.23	84
2710.59	79
2710.95	72
2711.31	79
2711.67	90
2712.03	91
2712.39	73
2712.75	95
2713.11	76
2713.47	71
2713.83	80
2714.19	76
2714.55	74
2714.91	83
2715.27	67
2715.63	75
2715.99	85
2716.35	70
2716.71	65
2717.07	87
2717.42	77
2717.78	71
2718.14	63
2718.5	75
2718.86	70
2719.22	71
2719.58	70
2719.94	73
2720.3	62
2720.66	62
2721.02	84
2721.38	65
2721.73	55
2722.09	70
2722.45	76
2722.81	64
2723.17	64
2723.53	67
2723.89	55
2724.25	70
2724.61	74
2724.96	70
2725.32	62
2725.68	69
2726.04	60
2726.4	72
2726.76	69
2727.12	58
2727.48	63
2727.83	72
2728.19	63
2728.55	70
2728.91	56
2729.27	62
2729.63	61
2729.98	53
2730.34	59
2730.7	56
2731.06	45
2731.42	70
2731.77	53
2732.13	48
2732.49	51
2732.85	45
2733.21	56
2733.57	60
2733.92	59
2734.28	58
2734.64	57
2735	64
2735.36	44
2735.71	57
2736.07	64
2736.43	51
2736.79	55
2737.15	51
2737.5	54
2737.86	58
2738.22	40
2738.58	45
2738.93	41
2739.29	39
2739.65	46
2740.01	45
2740.37	47
2740.72	38
2741.08	53
2741.44	50
2741.8	49
2742.15	48
2742.51	43
2742.87	41
2743.23	46
2743.58	49
2743.94	48
2744.3	42
2744.66	50
2745.01	46
2745.37	53
2745.73	52
2746.08	49
2746.44	46
2746.8	43
2747.16	42
2747.51	51
2747.87	49
2748.23	38
2748.58	39
2748.94	43
2749.3	35
2749.66	30
2750.01	42
2750.37	44
2750.73	41
2751.08	48
2751.44	50
2751.8	42
2752.15	43
2752.51	49
2752.87	39
2753.22	40
2753.58	31
2753.94	47
2754.29	33
2754.65	37
2755.01	39
2755.36	44
2755.72	40
2756.08	37
2756.43	43
2756.79	42
2757.15	41
2757.5	28
2757.86	40
2758.21	40
2758.57	38
2758.93	41
2759.28	38
2759.64	34
2760	48
2760.35	35
2760.71	34
2761.06	37
2761.42	34
2761.78	29
2762.13	36
2762.49	40
2762.85	37
2763.2	30
2763.56	41
2763.91	34
2764.27	36
2764.63	32
2764.98	33
2765.34	39
2765.69	36
2766.05	33
2766.4	25
2766.76	33
2767.12	34
2767.47	47
2767.83	37
2768.18	31
2768.54	35
2768.89	31
2769.25	31
2769.6	34
2769.96	35
2770.32	31
2770.67	32
2771.03	34
2771.38	33
2771.74	33
2772.09	37
2772.45	33
2772.8	30
2773.16	34
2773.51	28
2773.87	28
2774.22	28
2774.58	32
2774.93	30
2775.29	35
2775.64	31
2776	32
2776.35	35
2776.71	32
2777.06	27
2777.42	36
2777.77	33
2778.13	21
2778.48	28
2778.84	34
2779.19	31
2779.55	35
2779.9	28
2780.26	29
2780.61	29
2780.97	30
2781.32	34
2781.68	36
2782.03	32
2782.39	20
2782.74	32
2783.1	29
2783.45	29
2783.8	32
2784.16	26
2784.51	34
2784.87	31
2785.22	28
2785.58	34
2785.93	31
2786.29	26
2786.64	30
2786.99	22
2787.35	24
2787.7	30
2788.06	24
2788.41	22
2788.77	35
2789.12	27
2789.47	28
2789.83	29
2790.18	39
2790.54	21
2790.89	33
2791.24	27
2791.6	27
2791.95	31
2792.3	24
2792.66	32
2793.01	24
2793.37	26
2793.72	28
2794.07	28
2794.43	33
2794.78	24
2795.13	36
2795.49	27
2795.84	25
2796.2	23
2796.55	28
2796.9	30
2797.26	23
2797.61	28
2797.96	32
2798.32	19
2798.67	25
2799.03	21
2799.38	28
2799.73	29
2800.08	28
2800.44	25
2800.79	20
2801.14	21
2801.5	24
2801.85	21
2802.2	29
2802.56	33
2802.91	24
2803.26	26
2803.62	34
2803.97	29
2804.32	32
2804.68	22
2805.03	22
2805.38	32
2805.73	27
2806.09	25
2806.44	24
2806.79	22
2807.15	31
2807.5	23
2807.85	31
2808.2	29
2808.56	21
2808.91	21
2809.26	23
2809.61	27
2809.97	29
2810.32	27
2810.67	29
2811.03	28
2811.38	20
2811.73	26
2812.08	31
2812.44	33
2812.79	20
2813.14	23
2813.49	23
2813.85	23
2814.2	26
2814.55	24
2814.9	26
2815.25	27
2815.61	22
2815.96	27
2816.31	18
2816.66	25
2817.02	18
2817.37	26
2817.72	29
2818.07	27
2818.42	32
2818.77	23
2819.13	27
2819.48	35
2819.83	33
2820.18	26
2820.54	21
2820.89	26
2821.24	21
2821.59	21
2821.94	24
2822.29	24
2822.65	23
2823	21
2823.35	35
2823.7	19
2824.05	25
2824.4	32
2824.76	21
2825.11	26
2825.46	24
2825.81	27
2826.16	30
2826.51	22
2826.86	24
2827.21	28
2827.57	25
2827.92	27
2828.27	23
2828.62	28
2828.97	29
2829.32	28
2829.67	29
2830.02	27
2830.38	22
2830.73	31
2831.08	29
2831.43	24
2831.78	32
2832.13	35
2832.48	24
2832.83	34
2833.19	20
2833.54	28
2833.89	23
2834.24	24
2834.59	29
2834.94	32
2835.29	22
2835.64	29
2835.99	28
2836.34	35
2836.69	16
2837.04	31
2837.39	21
2837.75	23
2838.09	24
2838.45	31
2838.8	28
2839.15	29
2839.5	21
2839.85	24
2840.2	33
2840.55	17
2840.9	32
2841.25	30
2841.6	20
2841.95	24
2842.3	23
2842.65	29
2843	30
2843.35	23
2843.7	18
2844.05	27
2844.4	22
2844.75	27
2845.1	25
2845.45	33
2845.8	19
2846.15	24
2846.5	17
2846.85	30
2847.2	22
2847.55	26
2847.9	28
2848.25	35
2848.6	24
2848.95	25
2849.3	29
2849.65	25
2850	26
2850.35	29
2850.7	16
2851.05	25
2851.4	15
2851.75	22
2852.1	31
2852.45	29
2852.8	32
2853.15	29
2853.5	28
2853.85	23
2854.2	25
2854.54	25
2854.89	25
2855.24	24
2855.59	26
2855.94	29
2856.29	24
2856.64	18
2856.99	32
2857.34	34
2857.69	26
2858.04	23
2858.39	23
2858.74	28
2859.08	26
2859.43	24
2859.78	27
2860.13	24
2860.48	35
2860.83	25
2861.18	22
2861.53	23
2861.88	29
2862.23	29
2862.57	26
2862.92	24
2863.27	30
2863.62	33
2863.97	30
2864.32	34
2864.67	29
2865.02	26
2865.36	32
2865.71	30
2866.06	28
2866.41	24
2866.76	24
2867.11	26
2867.45	26
2867.8	19
2868.15	29
2868.5	24
2868.85	15
2869.2	23
2869.54	27
2869.89	25
2870.24	24
2870.59	24
2870.94	31
2871.29	23
2871.63	26
2871.98	20
2872.33	23
2872.68	29
2873.03	31
2873.37	23
2873.72	23
2874.07	23
2874.42	27
2874.77	33
2875.11	24
2875.46	31
2875.81	26
2876.16	18
2876.51	25
2876.85	28
2877.2	28
2877.55	24
2877.9	32
2878.24	26
2878.59	23
2878.94	24
2879.29	24
2879.63	26
2879.98	32
2880.33	27
2880.68	24
2881.02	21
2881.37	32
2881.72	24
2882.07	27
2882.42	29
2882.76	24
2883.11	24
2883.46	27
2883.8	14
2884.15	21
2884.5	25
2884.85	25
2885.19	21
2885.54	31
2885.89	34
2886.23	26
2886.58	27
2886.93	22
2887.28	29
2887.62	32
2887.97	22
2888.32	24
2888.66	29.0723
2889.01	23.8592
2889.36	28.9048
2889.7	28.8338
2890.05	25.291
2890.4	27.2116
2890.74	29.1822
2891.09	27.0903
2891.44	30.8317
2891.79	30.0738
2892.13	18.7561
2892.48	27.902
2892.82	24.3414
2893.17	29.0711
2893.52	30.2949
2893.86	26.484
2894.21	24.2163
2894.56	29.0336
2894.9	22.5417
2895.25	30.276
2895.6	24.9931
2895.94	32.5631
2896.29	30.515
2896.64	25.1523
2896.98	26.299
2897.33	24.2908
2897.67	30.8193
2898.02	27.873
2898.37	26.1714
2898.71	22.114
2899.06	30.0431
2899.41	24.2487
2899.75	28.5765
2900.1	31.1921
2900.44	24.0347
2900.79	26.361
2901.14	29.5548
2901.48	34.0614
2901.83	31.4921
2902.17	30.4952
2902.52	30.2201
2902.87	29.3521
2903.21	28.6461
2903.56	29.9316
2903.9	31.6102
2904.25	28.5158
2904.59	33.6898
2904.94	30.8764
2905.29	28.8765
2905.63	29.8609
2905.98	28.9619
2906.32	26.267
2906.67	30.3355
2907.01	29.7902
2907.36	28.2333
2907.71	30.6799
2908.05	29.1052
2908.4	29.3318
2908.74	27.9722
2909.09	34.4739
2909.43	29.818
2909.78	30.9187
2910.12	26.1149
2910.47	30.1929
2910.82	33.2357
2911.16	32.9698
2911.5	25.8793
2911.85	30.6729
2912.2	27.3592
2912.54	31.8723
2912.89	26.6105
2913.23	33.2185
2913.58	30.0714
2913.92	29.4692
2914.27	29.9782
2914.61	29.3475
2914.96	33.2857
2915.3	33.0736
2915.65	28.5251
2915.99	32.1872
2916.34	34.5772
2916.68	33.2052
2917.03	36.8313
2917.37	30.8186
2917.72	35.4282
2918.06	34.4508
2918.41	31.8075
2918.75	29.6241
2919.09	29.3505
2919.44	28.9143
2919.78	31.0491
2920.13	33.3377
2920.47	34.0714
2920.82	32.426
2921.16	33.0819
2921.51	37.4685
2921.85	38.0082
2922.2	37.0714
2922.54	32.9052
2922.88	33.0061
2923.23	30.603
2923.57	34.8285
2923.92	32.0725
2924.26	31.4298
2924.61	32.3628
2924.74	32
2925.09	27
2925.44	37
2925.79	43
2926.14	35
2926.48	19
2926.83	29
2927.18	36
2927.53	28
2927.88	21
2928.23	34
2928.58	42
2928.93	33
2929.28	34
2929.62	33
2929.97	34
2930.32	46
2930.67	51
2931.02	34
2931.37	27
2931.72	29
2932.06	26
2932.41	26
2932.76	36
2933.11	30
2933.46	30
2933.81	35
2934.16	33
2934.5	32
2934.85	28
2935.2	32
2935.55	33
2935.9	29
2936.25	37
2936.59	29
2936.94	32
2937.29	36
2937.64	34
2937.99	44
2938.33	31
2938.68	34
2939.03	42
2939.38	36
2939.73	29
2940.08	39
2940.42	33
2940.77	45
2941.12	42
2941.47	33
2941.81	47
2942.16	32
2942.51	40
2942.86	34
2943.21	40
2943.55	28
2943.9	33
2944.25	30
2944.6	39
2944.94	37
2945.29	38
2945.64	32
2945.99	29
2946.34	34
2946.68	35
2947.03	28
2947.38	40
2947.72	35
2948.07	45
2948.42	27
2948.77	26
2949.11	32
2949.46	39
2949.81	28
2950.16	25
2950.5	39
2950.85	36
2951.2	29
2951.55	39
2951.89	27
2952.24	26
2952.59	38
2952.93	32
2953.28	31
2953.63	41
2953.98	31
2954.32	39
2954.67	38
2955.02	35
2955.36	30
2955.71	36
2956.06	27
2956.4	26
2956.75	28
2957.1	25
2957.44	41
2957.79	34
2958.14	26
2958.48	36
2958.83	37
2959.18	33
2959.52	26
2959.87	24
2960.22	37
2960.56	26
2960.91	34
2961.26	25
2961.6	31
2961.95	34
2962.3	34
2962.64	35
2962.99	35
2963.33	37
2963.68	36
2964.03	38
2964.37	32
2964.72	26
2965.07	19
2965.41	26
2965.76	39
2966.11	37
2966.45	29
2966.8	28
2967.14	35
2967.49	26
2967.84	37
2968.18	35
2968.53	33
2968.87	30
2969.22	33
2969.57	28
2969.91	28
2970.26	32
2970.6	30
2970.95	25
2971.29	25
2971.64	35
2971.99	29
2972.33	28
2972.68	33
2973.02	40
2973.37	38
2973.72	35
2974.06	29
2974.41	24
2974.75	28
2975.1	32
2975.44	29
2975.79	29
2976.13	26
2976.48	33
2976.82	36
2977.17	30
2977.51	26
2977.86	29
2978.21	25
2978.55	22
2978.9	25
2979.24	24
2979.59	32
2979.93	27
2980.28	30
2980.62	33
2980.97	31
2981.31	32
2981.66	26
2982	27
2982.35	25
2982.69	36
2983.04	30
2983.38	25
2983.73	29
2984.07	28
2984.42	28
2984.76	26
2985.11	28
2985.45	25
2985.8	33
2986.14	29
2986.49	30
2986.83	18
2987.18	28
2987.52	32
2987.86	28
2988.21	24
2988.55	20
2988.9	28
2989.24	30
2989.59	25
2989.93	25
2990.28	31
2990.62	31
2990.97	28
2991.31	27
2991.65	33
2992	26
2992.34	32
2992.69	23
2993.03	30
2993.38	19
2993.72	27
2994.06	19
2994.41	19
2994.75	25
2995.1	30
2995.44	23
2995.78	20
2996.13	28
2996.47	26
2996.82	32
2997.16	20
2997.5	28
2997.85	21
2998.19	21
2998.54	33
2998.88	25
2999.22	27
2999.57	24
2999.91	25
3000.26	26
3000.6	28
3000.94	27
3001.29	26
3001.63	21
3001.97	30
3002.32	30
3002.66	29
3003	33
3003.35	21
3003.69	21
3004.03	23
3004.38	22
3004.72	24
3005.07	27
3005.41	27
3005.75	27
3006.09	27
3006.44	28
3006.78	33
3007.12	30
3007.47	18
3007.81	20
3008.16	30
3008.5	25
3008.84	21
3009.18	24
3009.53	20
3009.87	23
3010.21	26
3010.56	24
3010.9	29
3011.24	26
3011.59	20
3011.93	23
3012.27	28
3012.61	23
3012.96	24
3013.3	22
3013.64	17
3013.98	19
3014.33	23
3014.67	23
3015.01	22
3015.36	18
3015.7	20
3016.04	23
3016.38	30
3016.73	31
3017.07	21
3017.41	22
3017.75	20
3018.1	18
3018.44	26
3018.78	30
3019.12	19
3019.47	19
3019.81	24
3020.15	24
3020.49	16
3020.84	24
3021.18	23
3021.52	23
3021.86	21
3022.2	19
3022.55	26
3022.89	23
3023.23	24
3023.57	23
3023.91	22
3024.26	20
3024.6	26
3024.94	20
3025.28	21
3025.62	24
3025.97	25
3026.31	16
3026.65	31
3026.99	23
3027.33	24
3027.68	27
3028.02	21
3028.36	22
3028.7	20
3029.04	23
3029.38	23
3029.73	23
3030.07	21
3030.41	23
3030.75	22
3031.09	29
3031.43	20
3031.78	23
3032.12	17
3032.46	30
3032.8	25
3033.14	23
3033.48	24
3033.83	22
3034.17	17
3034.51	19
3034.85	25
3035.19	24
3035.53	16
3035.87	19
3036.21	16
3036.56	24
3036.9	17
3037.24	25
3037.58	21
3037.92	18
3038.26	22
3038.6	21
3038.94	23
3039.28	17
3039.62	24
3039.96	18
3040.31	36
3040.65	24
3040.99	25
3041.33	26
3041.67	26
3042.01	19
3042.35	16
3042.69	24
3043.03	24
3043.37	16
3043.71	23
3044.05	23
3044.39	33
3044.74	14
3045.08	14
3045.42	19
3045.76	19
3046.1	20
3046.44	19
3046.78	25
3047.12	31
3047.46	26
3047.8	17
3048.14	19
3048.48	24
3048.82	20
3049.16	24
3049.5	13
3049.84	20
3050.18	28
3050.52	19
3050.86	20
3051.2	28
3051.54	11
3051.88	26
3052.22	24
3052.56	27
3052.9	18
3053.24	21
3053.58	17
3053.92	12
3054.26	19
3054.6	27
3054.94	20
3055.28	21
3055.62	20
3055.96	24
3056.3	18
3056.64	18
3056.98	17
3057.32	20
3057.66	21
3058	25
3058.34	18
3058.68	22
3059.02	15
3059.36	18
3059.7	22
3060.04	24
3060.38	16
3060.72	22
3061.05	14
3061.39	19
3061.73	19
3062.07	22
3062.41	16
3062.75	18
3063.09	16
3063.43	20
3063.77	24
3064.11	26
3064.45	22
3064.79	16
3065.13	17
3065.47	25
3065.8	18
3066.14	26
3066.48	24
3066.82	19
3067.16	26
3067.5	13
3067.84	21
3068.18	22
3068.52	15
3068.85	17
3069.19	21
3069.53	23
3069.87	25
3070.21	20
3070.55	20
3070.89	13
3071.23	19
3071.57	32
3071.9	26
3072.24	18
3072.58	21
3072.92	22
3073.26	17
3073.6	25
3073.94	16
3074.27	24
3074.61	22
3074.95	14
3075.29	29
3075.63	28
3075.97	25
3076.3	24
3076.64	16
3076.98	17
3077.32	22
3077.66	18
3078	17
3078.33	23
3078.67	14
3079.01	17
3079.35	17
3079.69	17
3080.02	21
3080.36	19
3080.7	23
3081.04	16
3081.38	25
3081.71	22
3082.05	16
3082.39	24
3082.73	27
3083.07	14
3083.4	18
3083.74	20
3084.08	20
3084.42	22
3084.76	27
3085.09	21
3085.43	7
3085.77	18
3086.11	21
3086.44	23
3086.78	22
3087.12	23
3087.46	17
3087.79	15
3088.13	15
3088.47	21
3088.81	17
3089.14	26
3089.48	20
3089.82	20
3090.16	28
3090.49	24
3090.83	23
3091.17	23
3091.51	22
3091.84	19
3092.18	27
3092.52	26
3092.85	13
3093.19	16
3093.53	31
3093.86	16
3094.2	22
3094.54	20
3094.88	22
3095.21	23
3095.55	21
3095.89	20
3096.22	18
3096.56	14
3096.9	16
3097.23	15
3097.57	18
3097.91	19
3098.25	25
3098.58	21
3098.92	25
3099.26	23
3099.59	19
3099.93	20
3100.27	18
3100.6	23
3100.94	23
3101.27	21
3101.61	20
3101.95	23
3102.28	20
3102.62	18
3102.96	16
3103.29	24
3103.63	19
3103.97	19
3104.3	11
3104.64	22
3104.98	16
3105.31	17
3105.65	15
3105.98	21
3106.32	19
3106.66	21
3106.99	19
3107.33	29
3107.66	19
3108	20
3108.34	18
3108.67	23
3109.01	22
3109.35	22
3109.68	12
3110.02	15
3110.35	14
3110.69	22
3111.03	26
3111.36	19
3111.7	17
3112.03	22
3112.37	16
3112.7	18
3113.04	22
3113.37	20
3113.71	23
3114.05	13
3114.38	21
3114.72	20
3115.05	17
3115.39	13
3115.72	16
3116.06	18
3116.4	22
3116.73	21
3117.07	25
3117.4	21
3117.74	15
3118.07	21
3118.41	14
3118.74	16
3119.08	22
3119.41	18
3119.75	14
3120.08	23
3120.42	14
3120.75	20
3121.09	16
3121.42	16
3121.76	14
3122.1	20
3122.43	20
3122.77	17
3123.1	17
3123.43	17
3123.77	17
3124.1	20
3124.44	17
3124.77	22
3125.11	14
3125.44	22
3125.78	18
3126.11	19
3126.45	18
3126.78	18
3127.12	24
3127.45	16
3127.79	22
3128.12	26
3128.46	21
3128.79	31
3129.13	16
3129.46	22
3129.79	20
3130.13	18
3130.46	19
3130.8	15
3131.13	21
3131.47	22
3131.8	21
3132.14	24
3132.47	15
3132.8	22
3133.14	20
3133.47	17
3133.81	18
3134.14	22
3134.48	22
3134.81	13
3135.14	21
3135.48	10
3135.81	11
3136.15	22
3136.48	18
3136.81	14
3137.15	18
3137.48	12
3137.82	16
3138.15	18
3138.48	18
3138.82	17
3139.15	15
3139.49	19
3139.82	22
3140.15	20
3140.49	23
3140.82	22
3141.15	25
3141.49	15
3141.82	13
3142.16	13
3142.49	18
3142.82	22
3143.16	18
3143.49	23
3143.82	15
3144.16	14
3144.49	17
3144.82	12
3145.16	17
3145.49	17
3145.82	17
3146.16	12
3146.49	22
3146.82	22
3147.16	15
3147.49	20
3147.82	16
3148.16	16
3148.49	25
3148.82	22
3149.16	24
3149.49	19
3149.82	25
3150.16	21
3150.49	16
3150.82	11
3151.15	17
3151.49	21
3151.82	21
3152.15	17
3152.49	17
3152.82	12
3153.15	19
3153.48	15
3153.82	8
3154.15	18
3154.48	21
3154.82	17
3155.15	18
3155.48	23
3155.81	21
3156.15	22
3156.48	21
3156.81	15
3157.14	15
3157.48	18
3157.81	24
3158.14	21
3158.47	20
3158.81	12
3159.14	14
3159.47	24
3159.8	20
3160.14	22
3160.47	16
3160.8	16
3161.13	17
3161.46	17
3161.8	23
3162.13	13
3162.46	23
3162.79	20
3163.13	15
3163.46	18
3163.79	18
3164.12	13
3164.45	19
3164.79	16
3165.12	15
3165.45	25
3165.78	19
3166.11	18
3166.45	17
3166.78	23
3167.11	21
3167.44	22
3167.77	24
3168.1	16
3168.44	18
3168.77	21
3169.1	22
3169.43	13
3169.76	23
3170.09	20
3170.43	16
3170.76	19
3171.09	15
3171.42	14
3171.75	15
3172.08	19
3172.42	17
3172.75	25
3173.08	27
3173.41	15
3173.74	18
3174.07	15
3174.4	11
3174.74	18
3175.07	15
3175.4	16
3175.73	14
3176.06	10
3176.39	21
3176.72	19
3177.05	17
3177.39	19
3177.72	7
3178.05	14
3178.38	13
3178.71	17
3179.04	20
3179.37	29
3179.7	24
3180.03	15
3180.36	18
3180.7	25
3181.03	20
3181.36	20
3181.69	18
3182.02	10
3182.35	12
3182.68	19
3183.01	14
3183.34	12
3183.67	23
3184	18
3184.33	25
3184.66	25
3184.99	19
3185.32	13
3185.65	20
3185.99	22
3186.32	18
3186.65	18
3186.98	13
3187.31	14
3187.64	19
3187.97	24
3188.3	22
3188.63	23
3188.96	14
3189.29	19
3189.62	20
3189.95	14
3190.28	19
3190.61	19
3190.94	10
3191.27	21
3191.6	22
3191.93	18
3192.26	17
3192.59	20
3192.92	23
3193.25	17
3193.58	23
3193.91	18
3194.24	20
3194.57	20
3194.9	16
3195.23	19
3195.56	21
3195.89	24
3196.22	24
3196.55	16
3196.88	21
3197.21	25
3197.54	13
3197.87	21
3198.2	25
3198.53	21
3198.86	11
3199.19	16
3199.51	22
3199.84	14
3200.17	22
3200.5	20
3200.83	19
3201.16	14
3201.49	19
3201.82	16
3202.15	24
3202.48	23
3202.81	21
3203.14	22
3203.47	22
3203.8	20.1071
3204.13	20.8778
3204.46	21.0556
3204.78	17.2435
3205.11	22.8922
3205.44	14.1641
3205.77	21.9528
3206.1	13.0837
3206.43	25.7387
3206.76	18.9039
3207.09	15.6855
3207.42	18.3891
3207.75	25.7902
3208.07	17.7898
3208.4	20.8106
3208.73	24.051
3209.06	12.5535
3209.39	21.9286
3209.72	24.6552
3210.05	23.7718
3210.38	18.8367
3210.71	16.6556
3211.03	24.6633
3211.36	21.0828
3211.69	17.1233
3212.02	19.2952
3212.35	21.9398
3212.68	25.5897
3213.01	22.0595
3213.33	18.4723
3213.66	16.3749
3213.99	21.6171
3214.32	15.8153
3214.65	19.4363
3214.97	18.4643
3215.3	19.8112
3215.63	21.3656
3215.96	21.6673
3216.29	23.2405
3216.62	22.3762
3216.95	24.8433
3217.27	19.8959
3217.6	20.6418
3217.93	15.8544
3218.26	18.9677
3218.59	19.2448
3218.91	20.6595
3219.24	19.7044
3219.57	18.9266
3219.9	16.8194
3220.23	20.1016
3220.55	23.2106
3220.88	22.1521
3221.21	18.8846
3221.54	17.5532
3221.87	21.0282
3222.19	20.5458
3222.52	21.2163
3222.85	21.8481
3223.18	21.3605
3223.51	16.6173
3223.83	20.339
3224.16	21.0867
3224.49	20.267
3224.82	19.545
3225.14	22.5876
3225.47	9.38254
3225.8	22.6701
3226.13	21.7695
3226.45	20.2908
3226.78	21.6137
3227.11	21.342
3227.44	24.5002
3227.76	23.86
3228.09	18.8007
3228.42	20.9964
3228.75	25.4692
3229.07	28.9735
3229.4	22.4363
3229.73	19.0873
3230.06	24.202
3230.38	23.9109
3230.71	22.2602
3231.04	19.1289
3231.37	21.8592
3231.69	23.8
3232.02	20.9873
3232.35	23.2738
3232.67	24.5153
3233	22.9518
3233.33	21.241
3233.66	22.6419
3233.98	23.9548
3234.31	26.0087
3234.64	27.1078
3234.96	21.9783
3235.29	17.5098
3235.62	21.8054
3235.79	26
3236.12	18
3236.45	24
3236.79	20
3237.12	24
3237.45	20
3237.78	19
3238.11	17
3238.44	22
3238.78	16
3239.11	16
3239.44	23
3239.77	11
3240.1	21
3240.43	20
3240.76	24
3241.09	20
3241.42	28
3241.76	22
3242.09	21
3242.42	25
3242.75	18
3243.08	27
3243.41	20
3243.74	20
3244.07	19
3244.41	26
3244.74	26
3245.07	18
3245.4	24
3245.73	28
3246.06	22
3246.39	24
3246.72	25
3247.05	22
3247.38	25
3247.71	19
3248.04	17
3248.37	27
3248.71	23
3249.04	24
3249.37	24
3249.7	23
3250.03	23
3250.36	16
3250.69	19
3251.02	21
3251.35	24
3251.68	19
3252.01	16
3252.34	18
3252.67	22
3253	25
3253.33	33
3253.66	19
3253.99	26
3254.32	29
3254.65	24
3254.99	24
3255.32	17
3255.65	20
3255.98	18
3256.31	25
3256.64	17
3256.97	16
3257.3	13
3257.63	19
3257.96	19
3258.29	17
3258.62	18
3258.95	19
3259.28	24
3259.61	24
3259.94	23
3260.27	23
3260.6	14
3260.93	23
3261.26	17
3261.59	24
3261.91	23
3262.25	21
3262.58	15
3262.91	21
3263.23	20
3263.56	16
3263.89	14
3264.22	20
3264.55	16
3264.88	23
3265.21	20
3265.54	19
3265.87	17
3266.2	22
3266.53	15
3266.86	16
3267.19	21
3267.52	17
3267.85	15
3268.18	17
3268.51	16
3268.84	19
3269.16	22
3269.49	24
3269.82	10
3270.15	16
3270.48	24
3270.81	22
3271.14	16
3271.47	14
3271.8	17
3272.13	24
3272.46	22
3272.78	19
3273.11	19
3273.44	13
3273.77	15
3274.1	19
3274.43	23
3274.76	19
3275.09	17
3275.42	16
3275.75	18
3276.07	13
3276.4	19
3276.73	24
3277.06	18
3277.39	14
3277.72	20
3278.05	18
3278.38	14
3278.7	21
3279.03	17
3279.36	13
3279.69	13
3280.02	19
3280.35	24
3280.67	19
3281	14
3281.33	16
3281.66	20
3281.99	21
3282.32	16
3282.65	18
3282.97	22
3283.3	13
3283.63	22
3283.96	14
3284.29	17
3284.61	18
3284.94	24
3285.27	13
3285.6	21
3285.93	13
3286.26	19
3286.58	25
3286.91	19
3287.24	17
3287.57	14
3287.9	18
3288.22	19
3288.55	12
3288.88	14
3289.21	12
3289.53	20
3289.86	21
3290.19	13
3290.52	17
3290.85	19
3291.17	18
3291.5	16
3291.83	16
3292.16	15
3292.48	20
3292.81	15
3293.14	20
3293.47	13
3293.79	18
3294.12	20
3294.45	17
3294.78	11
3295.11	17
3295.43	14
3295.76	16
3296.09	21
3296.42	16
3296.74	18
3297.07	10
3297.4	10
3297.72	22
3298.05	16
3298.38	11
3298.7	22
3299.03	17
3299.36	24
3299.69	16
3300.01	11
3300.34	16
3300.67	13
3301	15
3301.32	18
3301.65	13
3301.98	14
3302.3	26
3302.63	10
3302.96	25
3303.28	10
3303.61	13
3303.94	13
3304.26	22
3304.59	19
3304.92	14
3305.24	18
3305.57	20
3305.9	18
3306.22	14
3306.55	13
3306.88	22
3307.2	14
3307.53	21
3307.86	17
3308.18	16
3308.51	16
3308.84	16
3309.16	16
3309.49	13
3309.82	14
3310.14	16
3310.47	14
3310.8	20
3311.12	23
3311.45	12
3311.77	18
3312.1	23
3312.43	18
3312.75	13
3313.08	17
3313.41	15
3313.73	18
3314.06	12
3314.38	18
3314.71	14
3315.04	13
3315.36	13
3315.69	21
3316.01	20
3316.34	18
3316.67	11
3316.99	14
3317.32	14
3317.64	12
3317.97	20
3318.29	22
3318.62	14
3318.95	18
3319.27	11
3319.6	17
3319.92	17
3320.25	19
3320.58	14
3320.9	15
3321.23	13
3321.55	15
3321.88	24
3322.2	16
3322.53	18
3322.85	11
3323.18	13
3323.5	18
3323.83	20
3324.16	15
3324.48	12
3324.81	14
3325.13	15
3325.46	12
3325.78	14
3326.11	19
3326.43	13
3326.76	14
3327.08	15
3327.41	14
3327.74	16
3328.06	15
3328.38	19
3328.71	3
3329.04	19
3329.36	20
3329.68	16
3330.01	11
3330.33	15
3330.66	18
3330.98	13
3331.31	12
3331.63	15
3331.96	8
3332.28	13
3332.61	16
3332.93	13
3333.26	17
3333.58	15
3333.91	13
3334.23	11
3334.56	10
3334.88	22
3335.21	22
3335.53	17
3335.86	13
3336.18	16
3336.5	18
3336.83	16
3337.15	19
3337.48	21
3337.8	14
3338.13	18
3338.45	15
3338.78	17
3339.1	21
3339.43	15
3339.75	23
3340.07	12
3340.4	18
3340.72	23
3341.05	19
3341.37	25
3341.7	16
3342.02	21
3342.34	8
3342.67	19
3342.99	18
3343.31	15
3343.64	16
3343.96	15
3344.29	17
3344.61	15
3344.94	20
3345.26	18
3345.58	12
3345.91	14
3346.23	18
3346.55	11
3346.88	13
3347.2	19
3347.53	18
3347.85	17
3348.17	20
3348.5	16
3348.82	11
3349.14	10
3349.47	16
3349.79	16
3350.12	11
3350.44	3
3350.76	25
3351.09	14
3351.41	15
3351.73	23
3352.06	14
3352.38	10
3352.7	9
3353.03	17
3353.35	15
3353.67	13
3354	14
3354.32	17
3354.64	12
3354.97	10
3355.29	18
3355.61	18
3355.94	13
3356.26	14
3356.58	11
3356.91	10
3357.23	16
3357.55	18
3357.87	16
3358.2	22
3358.52	15
3358.84	15
3359.17	20
3359.49	14
3359.81	11
3360.13	23
3360.46	13
3360.78	18
3361.1	11
3361.43	19
3361.75	15
3362.07	19
3362.39	17
3362.72	13
3363.04	22
3363.36	15
3363.69	16
3364.01	11
3364.33	8
3364.65	16
3364.98	21
3365.3	15
3365.62	21
3365.94	15
3366.26	12
3366.59	16
3366.91	14
3367.23	12
3367.55	18
3367.88	22
3368.2	10
3368.52	16
3368.84	22
3369.17	15
3369.49	21
3369.81	12
3370.13	16
3370.46	18
3370.78	13
3371.1	13
3371.42	20
3371.74	24
3372.06	10
3372.39	17
3372.71	20
3373.03	16
3373.35	21
3373.68	17
3374	18
3374.32	13
3374.64	18
3374.96	16
3375.28	12
3375.61	14
3375.93	13
3376.25	16
3376.57	16
3376.89	9
3377.22	14
3377.54	16
3377.86	16
3378.18	15
3378.5	16
3378.82	13
3379.14	10
3379.47	18
3379.79	17
3380.11	20
3380.43	16
3380.75	12
3381.07	16
3381.39	20
3381.72	21
3382.04	17
3382.36	14
3382.68	11
3383	15
3383.32	18
3383.64	16
3383.97	21
3384.29	14
3384.61	12
3384.93	18
3385.25	10
3385.57	16
3385.89	14
3386.21	16
3386.53	16
3386.85	17
3387.17	14
3387.5	21
3387.82	19
3388.14	18
3388.46	11
3388.78	16
3389.1	20
3389.42	25
3389.74	14
3390.06	17
3390.38	16
3390.7	11
3391.03	16
3391.35	13
3391.67	11
3391.99	14
3392.31	5
3392.63	17
3392.95	14
3393.27	16
3393.59	18
3393.91	16
3394.23	16
3394.55	17
3394.87	5
3395.19	19
3395.51	12
3395.83	18
3396.15	16
3396.47	13
3396.79	16
3397.11	15
3397.43	20
3397.75	16
3398.07	11
3398.4	17
3398.71	9
3399.04	12
3399.35	11
3399.67	12
3400	24
