603.157	37
603.648	8
604.139	24
604.629	17
605.12	14
605.61	20
606.1	21
606.591	29
607.081	21
607.572	17
608.062	16
608.552	16
609.043	23
609.533	23
610.023	16
610.513	19
611.003	18
611.492	18
611.982	26
612.472	26
612.962	18
613.452	20
613.942	20
614.432	30
614.922	20
615.412	18
615.902	19
616.392	13
616.879	20
617.369	11
617.859	22
618.349	20
618.839	21
619.328	24
619.818	24
620.308	22
620.795	24
621.285	11
621.775	22
622.264	20
622.754	25
623.243	19
623.731	26
624.22	23
624.71	20
625.199	22
625.688	21
626.176	28
626.665	22
627.154	14
627.644	17
628.131	22
628.62	30
629.109	18
629.598	20
630.086	20
630.575	21
631.064	21
631.553	19
632.04	24
632.529	15
633.018	11
633.505	21
633.994	21
634.483	21
634.972	17
635.458	14
635.947	22
636.436	15
636.923	19
637.412	15
637.9	21
638.387	16
638.876	15
639.364	27
639.851	19
640.339	20
640.826	22
641.315	12
641.803	27
642.29	26
642.778	26
643.264	25
643.753	21
644.241	21
644.728	20
645.216	20
645.702	14
646.19	17
646.677	19
647.165	11
647.653	22
648.139	27
648.628	19
649.114	17
649.602	14
650.088	23
650.576	29
651.062	26
651.55	13
652.036	18
652.524	17
653.01	26
653.497	23
653.983	15
654.471	15
654.957	21
655.445	20
655.931	19
656.418	19
656.904	28
657.39	22
657.877	26
658.363	24
658.85	19
659.336	21
659.824	21
660.309	18
660.795	20
661.282	26
661.768	24
662.255	22
662.74	24
663.226	25
663.713	22
664.198	19
664.684	16
665.171	9
665.656	17
666.143	21
666.628	26
667.114	22
667.601	22
668.086	26
668.571	20
669.058	19
669.543	19
670.028	23
670.513	16
671	25
671.485	21
671.97	19
672.457	16
672.941	27
673.426	24
673.911	22
674.398	26
674.882	22
675.367	20
675.852	17
676.339	23
676.823	28
677.308	23
677.792	23
678.277	19
678.763	20
679.248	26
679.732	27
680.217	20
680.701	21
681.188	18
681.672	14
682.156	23
682.641	17
683.125	28
683.609	14
684.095	24
684.58	20
685.064	20
685.548	29
686.032	22
686.516	22
687	20
687.484	31
687.97	22
688.454	22
688.938	24
689.422	22
689.906	16
690.39	15
690.874	25
691.358	31
691.842	24
692.326	23
692.809	16
693.293	20
693.777	22
694.261	23
694.744	23
695.228	22
695.714	12
696.197	22
696.681	20
697.164	24
697.648	19
698.131	23
698.613	24
699.096	23
699.579	23
700.063	19
700.546	23
701.03	20
701.513	27
701.996	21
702.479	20
702.963	17
703.446	15
703.929	22
704.412	25
704.895	25
705.378	19
705.862	19
706.345	21
706.826	26
707.309	24
707.792	26
708.275	17
708.757	15
709.24	14
709.723	23
710.206	25
710.687	27
711.17	19
711.652	26
712.135	14
712.618	30
713.101	28
713.581	27
714.064	24
714.547	24
715.029	18
715.512	21
715.992	26
716.475	21
716.957	25
717.44	14
717.92	17
718.402	19
718.885	31
719.367	22
719.848	11
720.33	17
720.812	25
721.294	29
721.775	23
722.257	15
722.739	17
723.219	15
723.701	17
724.183	22
724.665	17
725.146	15
725.628	16
726.11	20
726.59	20
727.071	19
727.553	24
728.033	11
728.515	23
728.997	26
729.477	23
729.959	20
730.438	11
730.92	20
731.402	13
731.882	23
732.363	19
732.843	25
733.324	24
733.806	22
734.286	18
734.767	27
735.247	15
735.728	26
736.21	24
736.689	20
737.17	19
737.65	20
738.131	23
738.611	16
739.092	23
739.571	19
740.052	26
740.532	26
741.013	14
741.492	19
741.973	25
742.452	19
742.933	21
743.412	14
743.893	23
744.373	23
744.854	21
745.333	22
745.813	24
746.292	17
746.771	23
747.252	19
747.731	23
748.212	22
748.691	25
749.171	14
749.65	19
750.129	23
750.61	17
751.088	22
751.567	16
752.048	24
752.526	24
753.007	12
753.485	16
753.964	17
754.444	21
754.923	21
755.401	22
755.882	21
756.36	21
756.838	18
757.319	18
757.797	23
758.275	24
758.756	22
759.234	17
759.712	24
760.19	13
760.67	17
761.148	17
761.627	16
762.107	14
762.585	21
763.063	26
763.541	26
764.019	24
764.499	27
764.977	20
765.455	28
765.932	22
766.412	27
766.89	17
767.368	18
767.846	17
768.324	19
768.803	25
769.281	31
769.759	21
770.236	19
770.714	29
771.192	24
771.671	21
772.149	27
772.626	25
773.104	22
773.581	15
774.059	22
774.536	22
775.014	15
775.493	23
775.97	13
776.448	20
776.925	24
777.402	24
777.879	24
778.357	25
778.834	24
779.311	20
779.788	24
780.265	23
780.742	27
781.22	18
781.697	17
782.174	28
782.651	29
783.13	27
783.607	18
784.083	20
784.56	21
785.037	23
785.514	24
785.989	24
786.466	20
786.943	21
787.419	19
787.896	23
788.373	21
788.849	21
789.326	21
789.803	16
790.279	17
790.756	23
791.232	23
791.709	20
792.185	16
792.662	19
793.138	20
793.613	17
794.089	22
794.566	26
795.042	13
795.518	21
795.995	26
796.471	29
796.947	24
797.421	20
797.897	16
798.374	24
798.85	25
799.326	25
799.802	23
800.276	23
800.752	24
801.228	26
801.704	29
802.18	22
802.654	25
803.13	27
803.606	17
804.082	18
804.556	22
805.031	18
805.507	19
805.983	19
806.457	21
806.932	23
807.408	18
807.884	20
808.358	16
808.833	15
809.309	24
809.784	22
810.258	22
810.733	17
811.209	13
811.682	19
812.158	27
812.633	23
813.107	24
813.582	26
814.057	26
814.531	23
815.006	24
815.481	15
815.955	20
816.43	19
816.903	24
817.378	22
817.853	13
818.326	23
818.802	22
819.275	18
819.75	17
820.225	25
820.698	22
821.173	18
821.646	15
822.121	15
822.593	19
823.068	24
823.541	17
824.016	18
824.491	17
824.964	19
825.438	26
825.911	25
826.386	28
826.858	25
827.333	17
827.806	18
828.28	24
828.753	15
829.227	27
829.7	29
830.173	26
830.647	13
831.119	21
831.594	16
832.066	17
832.541	21
833.013	26
833.487	16
833.96	20
834.432	18
834.906	17
835.378	19
835.853	24
836.325	16
836.797	18
837.271	19
837.743	25
838.215	22
838.689	19
839.161	22
839.635	17
840.107	27
840.579	25
841.053	22
841.525	27
841.997	20
842.469	22
842.943	29
843.415	23
843.886	25
844.36	23
844.832	24
845.304	13
845.777	22
846.249	23
846.721	17
847.192	20
847.666	25
848.137	20
848.609	22
849.081	21
849.554	23
850.025	14
850.497	17
850.968	21
851.44	21
851.913	19
852.384	22
852.856	22
853.327	23
853.798	16
854.272	25
854.743	19
855.214	22
855.685	23
856.156	15
856.627	21
857.099	22
857.572	24
858.043	20
858.514	29
858.985	21
859.456	20
859.927	24
860.398	15
860.868	22
861.339	24
861.812	24
862.283	29
862.754	23
863.225	21
863.695	15
864.166	19
864.637	30
865.107	24
865.578	26
866.049	25
866.519	16
866.99	19
867.461	22
867.931	23
868.402	21
868.872	21
869.342	18
869.813	21
870.283	28
870.754	21
871.224	25
871.694	19
872.165	16
872.635	20
873.105	28
873.576	27
874.046	22
874.516	21
874.984	25
875.454	22
875.924	23
876.394	23
876.865	21
877.335	14
877.805	14
878.275	20
878.745	28
879.215	28
879.682	24
880.152	17
880.622	18
881.092	22
881.562	19
882.032	30
882.5	14
882.969	24
883.439	25
883.909	23
884.378	16
884.848	22
885.316	21
885.785	18
886.255	13
886.724	19
887.192	24
887.661	24
888.131	24
888.6	24
889.068	21
889.537	22
890.007	17
890.476	17
890.943	16
891.413	24
891.882	15
892.351	16
892.818	17
893.288	22
893.757	21
894.224	18
894.693	24
895.162	18
895.629	14
896.099	23
896.568	26
897.035	21
897.504	20
897.973	13
898.44	20
898.908	25
899.377	31
899.844	25
900.313	18
900.78	18
901.249	22
901.717	23
902.184	24
902.653	25
903.12	17
903.588	21
904.055	21
904.524	21
904.992	22
905.459	20
905.927	24
906.394	24
906.862	21
907.329	22
907.797	28
908.264	26
908.732	28
909.199	23
909.667	25
910.133	18
910.602	28
911.068	21
911.536	27
912.003	21
912.471	22
912.937	19
913.405	22
913.871	17
914.337	22
914.806	23
915.272	19
915.74	22
916.206	15
916.674	24
917.14	22
917.606	19
918.074	15
918.54	18
919.007	22
919.473	24
919.939	25
920.407	18
920.873	15
921.339	26
921.806	17
922.272	18
922.738	29
923.205	16
923.671	17
924.137	23
924.604	25
925.07	19
925.535	21
926.003	22
926.468	20
926.934	20
927.399	13
927.867	19
928.332	18
928.798	17
929.263	20
929.73	19
930.196	25
930.661	13
931.126	23
931.593	28
932.059	20
932.524	16
932.989	23
933.454	23
933.921	25
934.386	16
934.851	20
935.316	22
935.781	20
936.248	19
936.713	10
937.178	17
937.643	20
938.108	18
938.573	26
939.038	24
939.505	26
939.97	23
940.434	18
940.899	18
941.364	21
941.829	17
942.293	22
942.758	16
943.223	23
943.687	21
944.154	20
944.618	20
945.083	20
945.547	20
946.012	21
946.476	27
946.941	26
947.405	25
947.87	24
948.334	16
948.798	24
949.263	21
949.727	21
950.191	22
950.656	12
951.12	27
951.584	24
952.048	26
952.512	21
952.977	31
953.441	21
953.905	18
954.369	26
954.831	25
955.295	16
955.759	18
956.223	19
956.687	22
957.151	12
957.615	18
958.078	22
958.542	16
959.006	15
959.468	22
959.932	19
960.396	26
960.859	15
961.323	17
961.787	12
962.25	16
962.712	25
963.176	17
963.639	21
964.103	18
964.566	18
965.03	18
965.491	24
965.955	24
966.418	13
966.882	24
967.343	20
967.807	17
968.27	22
968.733	20
969.195	17
969.658	28
970.121	16
970.584	30
971.046	22
971.509	23
971.972	26
972.435	22
972.896	25
973.359	21
973.822	26
974.283	21
974.746	30
975.209	24
975.67	18
976.133	13
976.596	24
977.057	26
977.52	25
977.983	15
978.444	16
978.907	18
979.369	27
979.83	22
980.293	27
980.754	19
981.216	15
981.679	20
982.14	19
982.602	25
983.063	25
983.525	21
983.986	16
984.448	19
984.911	24
985.372	16
985.834	26
986.294	27
986.757	20
987.217	21
987.68	22
988.14	23
988.602	21
989.063	19
989.525	22
989.985	37
990.447	19
990.907	20
991.37	24
991.83	17
992.292	23
992.752	18
993.212	19
993.674	21
994.134	24
994.596	13
995.056	30
995.518	21
995.978	19
996.438	23
996.9	19
997.36	23
997.822	24
998.281	22
998.741	22
999.203	22
999.663	20
1000.12	23
1000.58	22
1001.04	25
1001.5	18
1001.97	7
1002.42	22
1002.88	21
1003.35	27
1003.81	25
1004.27	27
1004.73	17
1005.19	32
1005.65	24
1006.11	27
1006.57	22
1007.03	21
1007.49	16
1007.95	20
1008.41	25
1008.87	24
1009.32	24
1009.79	6
1010.24	14
1010.7	22
1011.16	23
1011.62	27
1012.08	20
1012.54	18
1013	14
1013.46	27
1013.92	18
1014.38	24
1014.84	18
1015.3	25
1015.76	18
1016.22	24
1016.68	22
1017.13	13
1017.6	22
1018.05	23
1018.51	23
1018.97	19
1019.43	27
1019.89	19
1020.35	24
1020.81	18
1021.27	25
1021.73	18
1022.18	27
1022.64	26
1023.1	31
1023.56	22
1024.02	28
1024.48	28
1024.94	23
1025.39	27
1025.85	20
1026.31	23
1026.77	24
1027.23	23
1027.69	22
1028.14	20
1028.6	29
1029.06	27
1029.52	24
1029.98	23
1030.44	27
1030.89	24
1031.35	17
1031.81	20
1032.27	19
1032.73	16
1033.18	32
1033.64	16
1034.1	19
1034.56	28
1035.01	26
1035.47	23
1035.93	23
1036.39	18
1036.85	28
1037.3	24
1037.76	20
1038.22	22
1038.67	31
1039.13	28.0529
1039.59	23.9537
1040.05	23.6454
1040.51	21.8065
1040.96	20.9791
1041.42	20.1064
1041.88	28.6559
1042.33	24.9279
1042.79	26.6775
1043.25	18.1142
1043.7	17.8886
1044.16	26.8942
1044.62	17.6339
1045.08	24.9585
1045.53	22.8606
1045.99	21.2474
1046.45	22.7865
1046.9	23.3184
1047.36	21.5448
1047.82	23.4979
1048.27	19.6571
1048.73	24.8085
1049.19	24.4489
1049.64	20.1298
1050.1	19.3457
1050.56	24.1739
1051.01	25.5763
1051.47	20.5003
1051.93	24.7004
1052.38	23.1727
1052.84	26.2873
1053.3	22.9606
1053.75	23.0718
1054.21	24.9409
1054.66	21.2705
1055.12	23.8748
1055.58	22.0356
1056.03	22.5921
1056.49	21.0541
1056.95	23.5249
1057.4	23.7538
1057.86	24.097
1058.31	23.7948
1058.77	22.2308
1059.23	21.4722
1059.68	25.4609
1060.14	23.2875
1060.59	21.8218
1061.05	21.6282
1061.5	25.414
1061.96	24.0182
1062.42	26.129
1062.87	23.8867
1063.33	24.0366
1063.78	23.4743
1064.24	26.399
1064.69	28.8602
1065.15	23.5814
1065.6	27
1066.06	19.4565
1066.52	26.4121
1066.97	25.7582
1067.43	24.9834
1067.88	19.6416
1068.34	21.5764
1068.79	20.4414
1069.25	21.6981
1069.7	22.6253
1070.16	20.0481
1070.61	21.1873
1071.07	21.3428
1071.52	20.6547
1071.98	23.1458
1072.43	18.9061
1072.89	26.1877
1073.34	24.1161
1073.8	23.6548
1074.25	24.0258
1074.71	24.4747
1075.16	24.0126
1075.62	25.5271
1076.07	21.3918
1076.52	20.1343
1076.98	24.422
1077.43	26.3234
1077.89	28.2048
1078.34	25.9168
1078.8	26.5232
1079.25	22.1917
1079.71	23.0173
1080.16	26.6725
1080.61	24.7004
1081.07	19.4707
1081.52	20.0425
1081.98	25.1154
1082.43	26.3719
1082.89	26.4796
1083.34	22.832
1083.79	23.4886
1084.25	26.4419
1084.7	26.9327
1085.16	25.9856
1085.61	23.9423
1086.06	25.8293
1086.35	29
1086.81	24
1087.27	32
1087.73	23
1088.19	28
1088.65	29
1089.11	19
1089.57	20
1090.03	32
1090.49	24
1090.94	24
1091.4	28
1091.86	18
1092.32	24
1092.78	21
1093.24	24
1093.7	19
1094.16	34
1094.62	24
1095.07	32
1095.53	29
1095.99	26
1096.45	23
1096.91	24
1097.36	38
1097.82	42
1098.28	31
1098.74	25
1099.2	25
1099.66	26
1100.12	25
1100.57	33
1101.03	22
1101.49	28
1101.95	28
1102.41	28
1102.86	24
1103.32	24
1103.78	35
1104.24	23
1104.69	22
1105.15	30
1105.61	36
1106.07	30
1106.53	27
1106.98	25
1107.44	21
1107.9	23
1108.36	25
1108.82	29
1109.27	29
1109.73	28
1110.19	37
1110.65	30
1111.1	32
1111.56	23
1112.02	32
1112.47	31
1112.93	16
1113.39	28
1113.85	31
1114.3	23
1114.76	29
1115.22	26
1115.67	27
1116.13	23
1116.59	37
1117.05	28
1117.5	33
1117.96	24
1118.42	23
1118.87	33
1119.33	29
1119.79	24
1120.24	22
1120.7	28
1121.16	28
1121.61	35
1122.07	25
1122.53	25
1122.98	25
1123.44	30
1123.89	27
1124.35	26
1124.81	25
1125.26	20
1125.72	27
1126.18	23
1126.63	28
1127.09	29
1127.55	25
1128	31
1128.46	36
1128.91	30
1129.37	23
1129.83	26
1130.28	38
1130.74	33
1131.19	29
1131.65	24
1132.1	27
1132.56	31
1133.02	28
1133.47	21
1133.93	24
1134.38	25
1134.84	24
1135.3	29
1135.75	33
1136.21	35
1136.66	29
1137.12	35
1137.57	30
1138.03	38
1138.48	29
1138.94	24
1139.39	25
1139.85	35
1140.3	27
1140.76	33
1141.21	34
1141.67	32
1142.12	28
1142.58	27
1143.04	31
1143.49	25
1143.94	22
1144.4	35
1144.85	35
1145.31	28
1145.76	36
1146.22	28
1146.67	34
1147.13	29
1147.58	25
1148.04	29
1148.49	26
1148.95	29
1149.4	29
1149.86	20
1150.31	30
1150.76	25
1151.22	30
1151.67	24
1152.13	26
1152.58	23
1153.04	32
1153.49	24
1153.94	40
1154.4	26
1154.85	20
1155.31	33
1155.76	29
1156.21	24
1156.67	28
1157.12	35
1157.58	35
1158.03	29
1158.48	24
1158.94	29
1159.39	22
1159.85	26
1160.3	31
1160.75	36
1161.21	34
1161.66	34
1162.11	32
1162.57	36
1163.02	35
1163.48	26
1163.93	26
1164.38	38
1164.84	29
1165.29	22
1165.74	34
1166.19	28
1166.65	29
1167.1	30
1167.55	30
1168.01	32
1168.46	26
1168.91	28
1169.37	20
1169.82	41
1170.27	37
1170.73	28
1171.18	33
1171.63	39
1172.08	33
1172.54	29
1172.99	22
1173.44	37
1173.9	26
1174.35	33
1174.8	33
1175.25	39
1175.71	28
1176.16	30
1176.61	31
1177.06	37
1177.52	33
1177.97	27
1178.42	27
1178.87	33
1179.32	38
1179.78	35
1180.23	34
1180.68	24
1181.13	32
1181.59	28
1182.04	27
1182.49	29
1182.94	25
1183.39	27
1183.85	41
1184.3	34
1184.75	35
1185.2	24
1185.65	30
1186.1	18
1186.56	28
1187.01	27
1187.46	32
1187.91	29
1188.36	33
1188.81	25
1189.27	27
1189.72	30
1190.17	31
1190.62	34
1191.07	40
1191.52	32
1191.98	38
1192.43	35
1192.88	32
1193.33	31
1193.78	28
1194.23	38
1194.68	29
1195.13	23
1195.59	33
1196.04	37
1196.49	23
1196.94	42
1197.39	35
1197.84	31
1198.29	34
1198.74	29
1199.19	37
1199.64	32
1200.09	31
1200.54	30
1201	30
1201.44	33
1201.9	22
1202.35	31
1202.8	31
1203.25	33
1203.7	25
1204.15	32
1204.6	34
1205.05	23
1205.5	41
1205.95	24
1206.4	28
1206.85	28
1207.3	38
1207.75	32
1208.2	35
1208.65	36
1209.1	31
1209.55	33
1210	35
1210.45	31
1210.9	29
1211.35	27
1211.8	32
1212.25	33
1212.7	33
1213.15	38
1213.6	35
1214.05	24
1214.5	34
1214.95	30
1215.4	33
1215.85	35
1216.3	26
1216.75	37
1217.2	30
1217.65	36
1218.09	40
1218.54	24
1218.99	28
1219.44	30
1219.89	30
1220.34	36
1220.79	33
1221.24	37
1221.69	28
1222.14	33
1222.59	39
1223.04	36
1223.48	36
1223.93	38
1224.38	29
1224.83	35
1225.28	32
1225.73	31
1226.18	39
1226.63	36
1227.08	31
1227.52	33
1227.97	34
1228.42	37
1228.87	29
1229.32	33
1229.77	40
1230.22	31
1230.66	38
1231.11	37
1231.56	34
1232.01	41
1232.46	39
1232.91	34
1233.35	40
1233.8	37
1234.25	37
1234.7	37
1235.15	36
1235.59	41
1236.04	34
1236.49	35
1236.94	33
1237.39	44
1237.83	40
1238.28	46
1238.73	24
1239.18	34
1239.63	39
1240.07	38
1240.52	40
1240.97	41
1241.42	28
1241.86	42
1242.31	29
1242.76	44
1243.21	34
1243.65	36
1244.1	32
1244.55	42
1245	34
1245.44	45
1245.89	37
1246.34	33
1246.78	30
1247.23	46
1247.68	37
1248.13	39
1248.57	38
1249.02	36
1249.47	34
1249.92	47
1250.36	43
1250.81	38
1251.26	33
1251.7	44
1252.15	43
1252.6	42
1253.04	44
1253.49	41
1253.94	34
1254.38	40
1254.83	38
1255.28	36
1255.72	41
1256.17	36
1256.61	25
1257.06	38
1257.51	45
1257.95	46
1258.4	34
1258.85	49
1259.29	41
1259.74	47
1260.19	40
1260.63	43
1261.08	28
1261.52	45
1261.97	39
1262.42	43
1262.86	52
1263.31	45
1263.76	49
1264.2	39
1264.65	48
1265.09	43
1265.54	45
1265.98	43
1266.43	38
1266.87	42
1267.32	46
1267.77	47
1268.21	41
1268.66	46
1269.1	40
1269.55	43
1269.99	50
1270.44	43
1270.89	59
1271.33	46
1271.78	38
1272.22	49
1272.67	40
1273.11	50
1273.56	55
1274	52
1274.45	52
1274.89	41
1275.34	51
1275.78	46
1276.23	52
1276.67	49
1277.12	47
1277.56	47
1278.01	53
1278.45	47
1278.9	56
1279.34	60
1279.79	47
1280.23	54
1280.68	51
1281.12	47
1281.57	58
1282.01	62
1282.45	47
1282.9	54
1283.34	48
1283.79	63
1284.23	59
1284.68	59
1285.12	56
1285.56	68
1286.01	55
1286.45	48
1286.9	62
1287.34	49
1287.79	49
1288.23	57
1288.67	60
1289.12	70
1289.56	55
1290.01	54
1290.45	65
1290.9	49
1291.34	55
1291.78	61
1292.23	70
1292.67	67
1293.11	59
1293.56	69
1294	71
1294.44	63
1294.89	60
1295.33	64
1295.78	60
1296.22	74
1296.66	78
1297.11	56
1297.55	60
1297.99	57
1298.44	67
1298.88	64
1299.32	75
1299.77	71
1300.21	71
1300.65	71
1301.09	63
1301.54	63
1301.98	76
1302.43	65
1302.87	76
1303.31	81
1303.75	79
1304.2	80
1304.64	74
1305.08	74
1305.53	81
1305.97	80
1306.41	89
1306.85	85
1307.3	78
1307.74	81
1308.18	78
1308.62	92
1309.07	76
1309.51	84
1309.95	87
1310.39	86
1310.84	91
1311.28	82
1311.72	92
1312.16	92
1312.61	84
1313.05	101
1313.49	95
1313.93	83
1314.37	89
1314.82	81
1315.26	97
1315.7	98
1316.14	91
1316.58	99
1317.03	106
1317.47	106
1317.91	89
1318.35	113
1318.79	97
1319.23	99
1319.68	114
1320.12	112
1320.56	112
1321	114
1321.44	109
1321.89	141
1322.33	112
1322.77	120
1323.21	112
1323.65	104
1324.09	122
1324.53	122
1324.97	131
1325.42	141
1325.86	134
1326.3	139
1326.74	127
1327.18	137
1327.62	138
1328.06	140
1328.51	138
1328.95	144
1329.39	148
1329.83	154
1330.27	137
1330.71	150
1331.15	145
1331.59	169
1332.03	157
1332.47	161
1332.91	164
1333.35	157
1333.8	145
1334.24	157
1334.68	151
1335.12	175
1335.56	187
1336	185
1336.44	185
1336.88	168
1337.32	185
1337.76	183
1338.2	182
1338.64	185
1339.08	183
1339.52	185
1339.96	172
1340.4	200
1340.84	170
1341.28	195
1341.72	198
1342.16	191
1342.6	180
1343.04	199
1343.48	195
1343.92	194
1344.36	197
1344.8	191
1345.24	207
1345.68	205
1346.12	186
1346.56	209
1347	218
1347.44	204
1347.88	206
1348.32	192
1348.76	188
1349.2	183
1349.64	210
1350.08	205
1350.52	193
1350.96	213
1351.39	200
1351.83	207
1352.27	189
1352.71	215
1353.15	201
1353.59	211
1354.03	200
1354.47	192
1354.91	207
1355.35	204
1355.79	183
1356.23	192
1356.66	191
1357.1	208
1357.54	188
1357.98	179
1358.42	182
1358.86	174
1359.3	190
1359.74	190
1360.18	154
1360.61	171
1361.05	174
1361.49	186
1361.93	163
1362.37	157
1362.81	160
1363.25	174
1363.68	144
1364.12	164
1364.56	138
1365	144
1365.44	150
1365.88	152
1366.31	158
1366.75	158
1367.19	134
1367.63	155
1368.07	143
1368.5	159
1368.94	143
1369.38	123
1369.82	143
1370.26	145
1370.69	137
1371.13	126
1371.57	135
1372.01	132
1372.45	133
1372.88	132
1373.32	134
1373.76	127
1374.2	124
1374.63	118
1375.07	127
1375.51	117
1375.95	110
1376.38	117
1376.82	100
1377.26	119
1377.7	100
1378.13	122
1378.57	114
1379.01	98
1379.44	113
1379.88	104
1380.32	97
1380.76	90
1381.19	95
1381.63	92
1382.07	98
1382.5	84
1382.94	84
1383.38	88
1383.82	86
1384.25	90
1384.69	98
1385.13	80
1385.56	93
1386	102
1386.44	77
1386.87	75
1387.31	94
1387.75	74
1388.18	82
1388.62	75
1389.06	78
1389.49	65
1389.93	67
1390.36	79
1390.8	80
1391.24	85
1391.67	76
1392.11	72
1392.55	68
1392.98	78
1393.42	73
1393.85	84
1394.29	80
1394.73	74
1395.16	77
1395.6	75
1396.04	70
1396.47	67
1396.91	72
1397.34	69
1397.78	66
1398.21	60
1398.65	60
1399.09	65
1399.52	63
1399.96	64
1400.39	64
1400.83	69
1401.26	58
1401.7	69
1402.14	64
1402.57	55
1403.01	61
1403.44	65
1403.88	69
1404.31	51
1404.75	62
1405.18	52
1405.62	60
1406.05	64
1406.49	66
1406.92	58
1407.36	62
1407.8	59
1408.23	54
1408.67	43
1409.1	53
1409.53	62
1409.97	65
1410.4	54
1410.84	55
1411.27	52
1411.71	60
1412.14	54
1412.58	58
1413.01	53
1413.45	55
1413.88	50
1414.32	52
1414.75	51
1415.19	54
1415.62	52
1416.05	51
1416.49	53
1416.92	52
1417.36	47
1417.79	37
1418.23	54
1418.66	52
1419.1	47
1419.53	48
1419.96	60
1420.4	45
1420.83	47
1421.27	57
1421.7	51
1422.13	47
1422.57	54
1423	47
1423.44	36
1423.87	53
1424.3	45
1424.74	49
1425.17	54
1425.6	46
1426.04	48
1426.47	52
1426.91	40
1427.34	50
1427.77	46
1428.21	31
1428.64	43
1429.07	48
1429.51	40
1429.94	43
1430.37	41
1430.81	46
1431.24	47
1431.67	43
1432.11	48
1432.54	53
1432.97	45
1433.41	57
1433.84	60
1434.27	43
1434.71	37
1435.14	54
1435.57	41
1436.01	56
1436.44	48
1436.87	40
1437.3	53
1437.74	48
1438.17	42
1438.6	49
1439.03	38
1439.47	36
1439.9	40
1440.33	44
1440.77	42
1441.2	36
1441.63	37
1442.06	51
1442.5	44
1442.93	41
1443.36	39
1443.79	44
1444.23	37
1444.66	44
1445.09	43
1445.52	48
1445.95	45
1446.39	39
1446.82	41
1447.25	46
1447.68	36
1448.11	39
1448.55	40
1448.98	39
1449.41	47
1449.84	39
1450.28	38
1450.71	42
1451.14	38
1451.57	46
1452	43
1452.43	46
1452.87	38.0455
1453.3	42.734
1453.73	36.092
1454.16	38.0551
1454.59	31.3182
1455.02	50.6517
1455.45	34.6604
1455.89	37.8832
1456.32	37.233
1456.75	46.5875
1457.18	41.7406
1457.61	42.4983
1458.04	35.6738
1458.47	46.2712
1458.91	45.5144
1459.34	46.7502
1459.77	41.0406
1460.2	31.6682
1460.63	30.462
1461.06	36.6392
1461.49	45.3139
1461.92	43.4708
1462.35	41.9778
1462.79	44.4388
1463.22	40.7026
1463.65	36.6602
1464.08	39.8737
1464.51	40.6494
1464.94	40.6338
1465.37	40.9399
1465.8	32.9151
1466.23	34.1404
1466.66	33.9697
1467.09	42.0986
1467.52	34.5126
1467.95	41.2211
1468.38	38.7049
1468.81	37.5252
1469.24	46.1242
1469.68	39.0863
1470.11	39.8774
1470.54	38.3058
1470.97	38.5707
1471.4	36.7766
1471.83	38.1284
1472.26	30.4299
1472.69	43.5898
1473.12	40.7541
1473.55	49.0636
1473.98	35
1474.41	39.0487
1474.84	40.9881
1475.27	44.1083
1475.7	41.1881
1476.13	39.2598
1476.56	39.5557
1476.99	38.0974
1477.42	43.7402
1477.85	33.6272
1478.28	38.1364
1478.71	37.9444
1479.14	39.5506
1479.57	36.8303
1480	42.0114
1480.43	40.2839
1480.86	28.5294
1481.29	39.0392
1481.71	41.3808
1482.14	43.652
1482.57	44.2897
1483	28.5403
1483.43	44.0649
1483.86	38.8091
1484.29	38.7531
1484.72	42.9823
1485.15	43.6463
1485.58	41.7987
1486.01	35.9793
1486.44	41.5935
1486.87	40.2287
1487.29	36.8131
1487.72	42.1872
1488.15	43.6863
1488.58	41.3219
1489.01	43.4922
1489.44	46.5812
1489.87	42.1895
1490.3	39.9765
1490.73	42.6893
1491.15	31.0821
1491.58	35.5993
1492.01	49.2987
1492.44	43.7456
1492.87	43.0317
1493.3	36.3329
1493.73	37.2508
1494.15	35.0225
1494.58	37.2197
1495.01	43.1303
1495.17	45
1495.61	50
1496.04	38
1496.48	46
1496.91	42
1497.34	40
1497.77	47
1498.21	43
1498.64	41
1499.08	42
1499.51	48
1499.94	38
1500.38	37
1500.81	45
1501.24	46
1501.68	41
1502.11	38
1502.54	40
1502.98	39
1503.41	42
1503.84	55
1504.28	33
1504.71	36
1505.14	53
1505.57	32
1506.01	41
1506.44	40
1506.87	40
1507.31	53
1507.74	44
1508.17	42
1508.61	43
1509.04	37
1509.47	43
1509.9	35
1510.34	36
1510.77	55
1511.2	32
1511.63	39
1512.07	45
1512.5	38
1512.93	38
1513.36	34
1513.8	47
1514.23	47
1514.66	46
1515.09	48
1515.52	47
1515.96	48
1516.39	40
1516.82	28
1517.25	40
1517.69	43
1518.12	42
1518.55	39
1518.98	43
1519.41	42
1519.85	41
1520.28	38
1520.71	46
1521.14	47
1521.57	37
1522.01	41
1522.44	42
1522.87	44
1523.3	46
1523.73	49
1524.16	50
1524.6	33
1525.03	42
1525.46	45
1525.89	45
1526.32	44
1526.75	50
1527.18	36
1527.62	52
1528.05	49
1528.48	54
1528.91	57
1529.34	38
1529.77	54
1530.2	43
1530.63	48
1531.07	56
1531.5	56
1531.93	46
1532.36	45
1532.79	48
1533.22	47
1533.65	54
1534.08	45
1534.51	45
1534.94	48
1535.37	51
1535.81	50
1536.24	43
1536.67	55
1537.1	41
1537.53	50
1537.96	51
1538.39	49
1538.82	50
1539.25	45
1539.68	37
1540.11	46
1540.54	53
1540.97	61
1541.4	47
1541.83	50
1542.26	49
1542.69	49
1543.13	60
1543.55	47
1543.98	52
1544.41	50
1544.84	53
1545.27	59
1545.7	57
1546.14	48
1546.57	66
1547	54
1547.43	51
1547.86	61
1548.29	57
1548.72	57
1549.14	61
1549.57	60
1550	60
1550.43	60
1550.86	60
1551.29	66
1551.72	66
1552.15	61
1552.58	62
1553.01	65
1553.44	56
1553.87	70
1554.3	68
1554.73	70
1555.16	73
1555.59	65
1556.02	75
1556.45	66
1556.87	75
1557.3	66
1557.73	71
1558.16	74
1558.59	74
1559.02	77
1559.45	77
1559.88	71
1560.31	83
1560.74	82
1561.17	84
1561.6	94
1562.02	71
1562.45	69
1562.88	82
1563.31	86
1563.74	103
1564.17	90
1564.59	91
1565.02	87
1565.45	91
1565.88	75
1566.31	106
1566.74	94
1567.17	86
1567.6	100
1568.02	85
1568.45	88
1568.88	84
1569.31	93
1569.74	101
1570.17	107
1570.59	119
1571.02	113
1571.45	100
1571.88	104
1572.31	111
1572.73	123
1573.16	110
1573.59	103
1574.02	112
1574.45	118
1574.87	112
1575.3	118
1575.73	118
1576.16	130
1576.58	117
1577.01	133
1577.44	128
1577.87	129
1578.3	125
1578.72	126
1579.15	118
1579.58	122
1580.01	125
1580.43	137
1580.86	124
1581.29	133
1581.72	144
1582.14	125
1582.57	136
1583	155
1583.43	147
1583.85	121
1584.28	126
1584.71	167
1585.13	133
1585.56	136
1585.99	136
1586.42	147
1586.84	159
1587.27	137
1587.7	120
1588.12	152
1588.55	154
1588.98	124
1589.4	147
1589.83	151
1590.26	139
1590.68	132
1591.11	133
1591.54	147
1591.96	143
1592.39	124
1592.82	150
1593.24	135
1593.67	123
1594.1	131
1594.52	146
1594.95	133
1595.38	129
1595.8	137
1596.23	135
1596.65	120
1597.08	138
1597.51	142
1597.93	125
1598.36	128
1598.79	125
1599.21	121
1599.64	115
1600.06	124
1600.49	123
1600.92	123
1601.34	136
1601.77	126
1602.19	119
1602.62	119
1603.04	106
1603.47	111
1603.9	129
1604.32	125
1604.75	126
1605.17	128
1605.6	113
1606.02	101
1606.45	118
1606.88	132
1607.3	103
1607.73	114
1608.15	123
1608.58	120
1609	111
1609.43	115
1609.85	109
1610.28	117
1610.7	125
1611.13	111
1611.55	113
1611.98	120
1612.4	129
1612.83	124
1613.25	109
1613.68	113
1614.11	118
1614.53	122
1614.96	109
1615.38	115
1615.81	117
1616.23	105
1616.65	102
1617.08	88
1617.5	112
1617.93	103
1618.35	119
1618.78	124
1619.2	121
1619.63	115
1620.05	125
1620.48	107
1620.9	114
1621.33	98
1621.75	103
1622.17	113
1622.6	102
1623.02	93
1623.45	117
1623.87	109
1624.3	93
1624.72	107
1625.14	91
1625.57	93
1625.99	96
1626.42	89
1626.84	97
1627.26	95
1627.69	90
1628.11	97
1628.54	79
1628.96	82
1629.38	93
1629.81	67
1630.23	88
1630.66	83
1631.08	79
1631.5	76
1631.93	71
1632.35	74
1632.77	82
1633.2	66
1633.62	69
1634.05	58
1634.47	70
1634.89	63
1635.32	53
1635.74	69
1636.16	66
1636.58	56
1637.01	62
1637.43	50
1637.85	51
1638.28	57
1638.7	71
1639.12	59
1639.55	55
1639.97	70
1640.39	44
1640.82	35
1641.24	37
1641.66	49
1642.09	47
1642.51	47
1642.93	46
1643.35	51
1643.78	50
1644.2	44
1644.62	40
1645.05	48
1645.47	37
1645.89	39
1646.31	44
1646.74	42
1647.16	49
1647.58	34
1648	34
1648.42	45
1648.85	35
1649.27	48
1649.69	35
1650.11	42
1650.54	33
1650.96	36
1651.38	35
1651.8	40
1652.23	31
1652.65	38
1653.07	37
1653.49	24
1653.91	41
1654.34	37
1654.76	27
1655.18	37
1655.6	27
1656.02	36
1656.45	30
1656.87	29
1657.29	37
1657.71	34
1658.13	38
1658.56	34
1658.98	23
1659.4	31
1659.82	27
1660.24	33
1660.66	15
1661.08	33
1661.51	31
1661.93	36
1662.35	32
1662.77	31
1663.19	33
1663.61	34
1664.03	31
1664.46	32
1664.88	31
1665.3	26
1665.72	26
1666.14	25
1666.56	28
1666.98	27
1667.4	24
1667.82	31
1668.24	34
1668.67	37
1669.09	24
1669.51	27
1669.93	32
1670.35	25
1670.77	39
1671.19	22
1671.61	28
1672.03	26
1672.45	33
1672.87	27
1673.29	28
1673.71	25
1674.14	17
1674.56	19
1674.98	26
1675.4	27
1675.82	38
1676.24	25
1676.66	28
1677.08	21
1677.5	28
1677.92	22
1678.34	27
1678.76	30
1679.18	20
1679.6	25
1680.02	21
1680.44	34
1680.86	29
1681.28	23
1681.7	24
1682.12	27
1682.54	29
1682.96	30
1683.38	25
1683.8	18
1684.22	30
1684.64	21
1685.06	29
1685.48	21
1685.9	25
1686.32	26
1686.74	25
1687.16	20
1687.58	23
1688	23
1688.42	26
1688.83	25
1689.25	24
1689.67	24
1690.09	31
1690.51	21
1690.93	23
1691.35	23
1691.77	26
1692.19	31
1692.61	40
1693.03	24
1693.45	25
1693.87	32
1694.28	27
1694.7	21
1695.12	22
1695.54	28
1695.96	21
1696.38	14
1696.8	18
1697.22	23
1697.64	25
1698.06	24
1698.47	22
1698.89	16
1699.31	24
1699.73	23
1700.15	21
1700.57	30
1700.99	27
1701.4	22
1701.82	30
1702.24	23
1702.66	20
1703.08	22
1703.5	17
1703.91	23
1704.33	26
1704.75	26
1705.17	12
1705.59	18
1706.01	22
1706.42	18
1706.84	29
1707.26	23
1707.68	17
1708.1	17
1708.51	26
1708.93	19
1709.35	20
1709.77	20
1710.19	25
1710.6	20
1711.02	21
1711.44	21
1711.86	28
1712.27	22
1712.69	23
1713.11	21
1713.53	27
1713.95	24
1714.36	28
1714.78	22
1715.2	29
1715.61	22
1716.03	26
1716.45	17
1716.87	25
1717.29	20
1717.7	25
1718.12	17
1718.54	22
1718.95	14
1719.37	23
1719.79	27
1720.2	27
1720.62	33
1721.04	23
1721.46	21
1721.87	25
1722.29	21
1722.71	23
1723.12	15
1723.54	22
1723.96	20
1724.37	25
1724.79	20
1725.21	17
1725.63	25
1726.04	27
1726.46	30
1726.87	14
1727.29	22
1727.71	30
1728.12	26
1728.54	27
1728.96	30
1729.37	17
1729.79	14
1730.21	23
1730.62	26
1731.04	13
1731.45	22
1731.87	30
1732.29	26
1732.71	20
1733.12	20
1733.54	22
1733.95	24
1734.37	14
1734.78	16
1735.2	26
1735.62	24
1736.03	24
1736.45	26
1736.87	17
1737.28	17
1737.7	18
1738.11	23
1738.53	17
1738.94	38
1739.36	20
1739.78	15
1740.19	18
1740.61	24
1741.02	24
1741.44	20
1741.85	17
1742.27	20
1742.68	16
1743.1	16
1743.52	25
1743.93	20
1744.35	25
1744.76	24
1745.18	24
1745.59	24
1746.01	22
1746.42	23
1746.84	20
1747.25	20
1747.67	18
1748.08	26
1748.5	24
1748.91	22
1749.33	30
1749.74	24
1750.16	22
1750.57	22
1750.99	26
1751.4	20
1751.82	19
1752.23	21
1752.64	22
1753.06	14
1753.47	25
1753.89	23
1754.3	24
1754.72	19
1755.13	26
1755.55	14
1755.96	20
1756.38	17
1756.79	19
1757.21	17
1757.62	28
1758.03	21
1758.45	24
1758.86	19
1759.28	19
1759.69	25
1760.1	19
1760.52	21
1760.93	24
1761.35	20
1761.76	19
1762.17	29
1762.59	17
1763	23
1763.42	25
1763.83	26
1764.25	27
1764.66	20
1765.07	17
1765.49	26
1765.9	19
1766.31	17
1766.73	20
1767.14	17
1767.55	20
1767.97	23
1768.38	20
1768.79	16
1769.21	25
1769.62	26
1770.03	20
1770.45	16
1770.86	22
1771.28	18
1771.69	23
1772.1	28
1772.51	18
1772.93	22
1773.34	24
1773.75	20
1774.17	29
1774.58	24
1774.99	12
1775.41	15
1775.82	24
1776.23	23
1776.65	24
1777.06	28
1777.47	11
1777.88	22
1778.3	19
1778.71	17
1779.12	23
1779.53	18
1779.95	18
1780.36	22
1780.77	21
1781.19	22
1781.6	29
1782.01	26
1782.42	29
1782.83	23
1783.25	17
1783.66	19
1784.07	18
1784.49	24
1784.9	21
1785.31	21
1785.72	17
1786.13	22
1786.55	22
1786.96	20
1787.37	21
1787.78	19
1788.19	15
1788.61	20
1789.02	17
1789.43	14
1789.84	19
1790.26	21
1790.67	19
1791.08	27
1791.49	18
1791.9	18
1792.31	23
1792.72	26
1793.14	24
1793.55	24
1793.96	20
1794.37	11
1794.78	18
1795.19	15
1795.61	22
1796.02	14
1796.43	13
1796.84	18
1797.25	16
1797.66	17
1798.07	20
1798.49	19
1798.9	19
1799.31	21
1799.72	23
1800.13	20
1800.54	21
1800.95	20
1801.36	23
1801.77	20
1802.19	19
1802.6	24
1803.01	19
1803.42	22
1803.83	18
1804.24	27
1804.65	21
1805.06	19
1805.47	17
1805.88	15
1806.3	18
1806.71	15
1807.12	21
1807.53	19
1807.94	26
1808.35	18
1808.76	16
1809.17	17
1809.58	19
1809.99	13
1810.4	20
1810.81	15
1811.22	22
1811.63	18
1812.04	16
1812.45	21
1812.86	20
1813.27	14
1813.68	19
1814.09	24
1814.5	17
1814.91	15
1815.32	19
1815.73	21
1816.14	16
1816.55	18
1816.96	19
1817.37	24
1817.78	20
1818.19	16
1818.6	19
1819.01	20
1819.42	23
1819.83	21
1820.24	21
1820.65	16
1821.06	19
1821.47	16
1821.88	25
1822.29	18
1822.7	21
1823.11	14
1823.52	26
1823.93	21
1824.33	23
1824.74	9
1825.15	19
1825.56	14
1825.97	18
1826.38	24
1826.79	15
1827.2	11
1827.61	21
1828.02	13
1828.43	19
1828.84	23
1829.25	21
1829.65	23
1830.06	15
1830.47	20
1830.88	22
1831.29	18
1831.7	19
1832.11	16
1832.52	22
1832.92	18
1833.33	22
1833.74	27
1834.15	17
1834.56	16
1834.97	15
1835.38	20
1835.78	18
1836.19	16
1836.6	18
1837.01	20
1837.42	23
1837.83	16
1838.24	17
1838.64	16
1839.05	22
1839.46	26
1839.87	16
1840.28	20
1840.68	11.0688
1841.09	22.7092
1841.5	19.0472
1841.91	18.0632
1842.32	21.5775
1842.72	12.6821
1843.13	21.0553
1843.54	21.0301
1843.95	15.8301
1844.36	20.6629
1844.76	17.3862
1845.17	16.3144
1845.58	11.5956
1845.99	18.871
1846.39	16.1374
1846.8	23.1208
1847.21	17.1557
1847.62	24.838
1848.03	16.3607
1848.43	18.1788
1848.84	19.0129
1849.25	18.344
1849.66	22.0396
1850.06	22.9896
1850.47	17.707
1850.88	21.5139
1851.29	15.9258
1851.69	23.3014
1852.1	21.5844
1852.51	21.5566
1852.91	17.7647
1853.32	17.4972
1853.73	23.0581
1854.14	18.7493
1854.54	20.5056
1854.95	18.3368
1855.36	17.6624
1855.76	21.2488
1856.17	18.7234
1856.58	18.3413
1856.98	18.0593
1857.39	21.1691
1857.8	15.2959
1858.21	19.6602
1858.61	20.4037
1859.02	18.3449
1859.43	17.6507
1859.83	20.3898
1860.24	18.4242
1860.65	19.5316
1861.05	23.1637
1861.46	20.316
1861.87	18.4121
1862.27	22.4085
1862.68	19.4663
1863.08	18.6046
1863.49	15.8448
1863.9	20.5634
1864.3	23.6501
1864.71	21.9283
1865.12	21.2034
1865.52	17.6914
1865.93	17.1654
1866.33	20.6562
1866.74	22.2622
1867.15	18.8208
1867.55	18.2054
1867.96	18.4826
1868.37	20.3565
1868.77	17.1792
1869.18	21.1236
1869.58	23.0292
1869.99	22.3209
1870.4	22.1701
1870.8	19.4402
1871.21	18.5862
1871.61	19.5548
1872.02	20.8849
1872.43	14.2659
1872.83	19.0436
1873.24	19.3599
1873.64	21.1736
1874.05	18.5092
1874.45	16.6425
1874.86	25.7961
1875.27	18.2424
1875.67	16.194
1876.08	21.218
1876.48	10.2883
1876.89	11.7364
1877.29	20.7484
1877.7	22.6823
1878.1	21.3184
1878.51	14.1123
1878.91	22.1009
1879.32	21.0991
1879.72	20.4597
1880.13	21.6323
1880.53	16.6827
1880.94	14.3278
1881.34	15.0433
1881.75	18.5368
1882.16	13.7579
1882.56	14.974
1882.96	21.194
1883.37	23.7732
1883.42	24
1883.83	20
1884.24	18
1884.65	18
1885.06	15
1885.47	19
1885.88	19
1886.29	25
1886.7	19
1887.11	20
1887.52	23
1887.93	20
1888.34	9
1888.75	22
1889.16	16
1889.57	24
1889.98	18
1890.39	21
1890.8	18
1891.21	20
1891.62	31
1892.03	21
1892.44	23
1892.84	17
1893.25	16
1893.66	16
1894.07	22
1894.48	22
1894.89	18
1895.3	15
1895.71	19
1896.12	19
1896.53	24
1896.94	25
1897.34	25
1897.75	15
1898.16	13
1898.57	19
1898.98	26
1899.39	25
1899.8	16
1900.21	20
1900.62	14
1901.02	15
1901.43	24
1901.84	22
1902.25	20
1902.66	17
1903.07	22
1903.48	21
1903.89	32
1904.29	21
1904.7	17
1905.11	22
1905.52	23
1905.93	16
1906.34	24
1906.75	21
1907.15	19
1907.56	22
1907.97	17
1908.38	22
1908.79	17
1909.19	19
1909.6	25
1910.01	28
1910.42	18
1910.83	14
1911.23	19
1911.64	24
1912.05	22
1912.46	21
1912.87	12
1913.27	25
1913.68	14
1914.09	13
1914.5	22
1914.91	13
1915.31	19
1915.72	21
1916.13	25
1916.54	24
1916.94	18
1917.35	17
1917.76	23
1918.17	24
1918.57	18
1918.98	7
1919.39	19
1919.8	16
1920.2	22
1920.61	16
1921.02	18
1921.43	21
1921.83	20
1922.24	19
1922.65	20
1923.05	23
1923.46	18
1923.87	22
1924.28	20
1924.68	22
1925.09	18
1925.5	18
1925.9	12
1926.31	21
1926.72	23
1927.13	16
1927.53	21
1927.94	12
1928.35	23
1928.75	21
1929.16	20
1929.57	20
1929.97	18
1930.38	18
1930.78	24
1931.19	23
1931.6	21
1932	13
1932.41	18
1932.82	20
1933.22	23
1933.63	19
1934.04	15
1934.44	15
1934.85	13
1935.26	21
1935.66	16
1936.07	28
1936.48	19
1936.88	17
1937.29	26
1937.69	23
1938.1	25
1938.51	20
1938.91	23
1939.32	14
1939.72	19
1940.13	24
1940.53	20
1940.94	19
1941.35	21
1941.75	15
1942.16	16
1942.57	23
1942.97	12
1943.38	18
1943.78	21
1944.19	21
1944.59	23
1945	28
1945.4	18
1945.81	24
1946.21	20
1946.62	17
1947.03	13
1947.43	27
1947.84	22
1948.24	18
1948.65	15
1949.05	23
1949.46	23
1949.86	16
1950.27	22
1950.67	22
1951.08	13
1951.48	18
1951.89	16
1952.29	22
1952.7	16
1953.1	19
1953.51	16
1953.91	23
1954.32	15
1954.72	10
1955.13	22
1955.53	21
1955.94	17
1956.34	21
1956.75	24
1957.15	18
1957.56	19
1957.96	22
1958.37	9
1958.77	21
1959.18	11
1959.58	13
1959.98	21
1960.39	25
1960.79	25
1961.2	16
1961.6	20
1962.01	17
1962.41	21
1962.81	25
1963.22	14
1963.62	18
1964.03	13
1964.43	29
1964.84	22
1965.24	24
1965.64	17
1966.05	17
1966.45	23
1966.86	20
1967.26	21
1967.66	18
1968.07	20
1968.47	12
1968.87	17
1969.28	21
1969.68	26
1970.09	17
1970.49	23
1970.89	18
1971.3	22
1971.7	25
1972.1	20
1972.51	18
1972.91	12
1973.32	10
1973.72	24
1974.12	16
1974.53	24
1974.93	18
1975.33	22
1975.74	14
1976.14	14
1976.54	24
1976.94	15
1977.35	19
1977.75	21
1978.15	20
1978.56	18
1978.96	20
1979.36	18
1979.77	22
1980.17	18
1980.57	21
1980.98	30
1981.38	25
1981.78	20
1982.18	18
1982.59	21
1982.99	23
1983.39	24
1983.8	18
1984.2	24
1984.6	18
1985	18
1985.41	21
1985.81	24
1986.21	16
1986.61	13
1987.02	14
1987.42	19
1987.82	25
1988.22	22
1988.63	16
1989.03	17
1989.43	19
1989.83	19
1990.24	22
1990.64	25
1991.04	17
1991.44	12
1991.84	23
1992.25	21
1992.65	18
1993.05	28
1993.45	15
1993.86	17
1994.26	21
1994.66	22
1995.06	19
1995.46	21
1995.86	18
1996.27	21
1996.67	20
1997.07	21
1997.47	24
1997.87	17
1998.27	21
1998.68	18
1999.08	19
1999.48	25
1999.88	14
2000.28	23
2000.68	27
2001.09	16
2001.49	18
2001.89	17
2002.29	21
2002.69	19
2003.09	19
2003.49	15
2003.9	26
2004.3	15
2004.7	22
2005.1	16
2005.5	22
2005.9	15
2006.3	26
2006.7	14
2007.1	18
2007.51	16
2007.91	19
2008.31	26
2008.71	28
2009.11	26
2009.51	22
2009.91	19
2010.31	31
2010.71	23
2011.11	15
2011.51	19
2011.91	25
2012.31	23
2012.72	15
2013.12	26
2013.52	19
2013.92	21
2014.32	18
2014.72	17
2015.12	22
2015.52	18
2015.92	20
2016.32	19
2016.72	20
2017.12	19
2017.52	18
2017.92	14
2018.32	27
2018.72	17
2019.12	30
2019.52	20
2019.92	25
2020.32	21
2020.72	13
2021.12	18
2021.52	21
2021.92	24
2022.32	20
2022.72	17
2023.12	19
2023.52	19
2023.92	21
2024.32	18
2024.72	18
2025.12	20
2025.52	21
2025.92	11
2026.32	22
2026.72	20
2027.12	19
2027.52	17
2027.92	17
2028.32	14
2028.72	19
2029.12	22
2029.51	18
2029.91	8
2030.31	18
2030.71	18
2031.11	15
2031.51	21
2031.91	21
2032.31	19
2032.71	24
2033.11	18
2033.51	11
2033.91	22
2034.31	15
2034.7	23
2035.1	13
2035.5	18
2035.9	19
2036.3	17
2036.7	22
2037.1	24
2037.5	17
2037.9	16
2038.29	11
2038.69	15
2039.09	22
2039.49	25
2039.89	14
2040.29	23
2040.69	18
2041.09	11
2041.48	30
2041.88	30
2042.28	18
2042.68	18
2043.08	21
2043.48	17
2043.87	16
2044.27	14
2044.67	23
2045.07	11
2045.47	23
2045.86	27
2046.26	22
2046.66	19
2047.06	16
2047.46	10
2047.86	14
2048.25	21
2048.65	23
2049.05	13
2049.45	20
2049.85	18
2050.24	14
2050.64	23
2051.04	27
2051.44	23
2051.83	13
2052.23	20
2052.63	15
2053.03	17
2053.43	28
2053.82	16
2054.22	16
2054.62	16
2055.02	21
2055.41	19
2055.81	20
2056.21	10
2056.61	15
2057	23
2057.4	20
2057.8	28
2058.2	17
2058.59	17
2058.99	17
2059.39	16
2059.78	20
2060.18	18
2060.58	13
2060.98	19
2061.37	11
2061.77	19
2062.17	25
2062.56	19
2062.96	18
2063.36	13
2063.75	18
2064.15	22
2064.55	19
2064.94	20
2065.34	12
2065.74	18
2066.13	18
2066.53	21
2066.93	22
2067.32	24
2067.72	21
2068.12	21
2068.51	24
2068.91	24
2069.31	15
2069.7	18
2070.1	22
2070.5	16
2070.89	27
2071.29	26
2071.69	13
2072.08	15
2072.48	11
2072.87	17
2073.27	17
2073.67	23
2074.06	16
2074.46	17
2074.85	16
2075.25	18
2075.65	20
2076.04	24
2076.44	17
2076.83	16
2077.23	19
2077.63	18
2078.02	13
2078.42	17
2078.81	24
2079.21	12
2079.6	27
2080	17
2080.4	20
2080.79	14
2081.19	13
2081.58	20
2081.98	21
2082.37	22
2082.77	14
2083.17	21
2083.56	22
2083.96	21
2084.35	16
2084.75	25
2085.14	14
2085.54	25
2085.93	25
2086.33	10
2086.72	12
2087.12	12
2087.51	12
2087.91	17
2088.3	20
2088.7	16
2089.09	18
2089.49	17
2089.88	22
2090.28	22
2090.67	23
2091.07	17
2091.46	19
2091.86	20
2092.25	20
2092.65	21
2093.04	18
2093.44	16
2093.83	25
2094.23	16
2094.62	24
2095.02	14
2095.41	25
2095.8	22
2096.2	25
2096.59	25
2096.99	16
2097.38	21
2097.78	21
2098.17	18
2098.57	26
2098.96	28
2099.35	15
2099.75	12
2100.14	10
2100.54	20
2100.93	18
2101.32	22
2101.72	26
2102.11	32
2102.51	15
2102.9	22
2103.3	15
2103.69	19
2104.08	16
2104.48	21
2104.87	17
2105.27	18
2105.66	25
2106.05	20
2106.45	27
2106.84	18
2107.23	17
2107.63	16
2108.02	23
2108.42	23
2108.81	24
2109.2	19
2109.6	17
2109.99	16
2110.38	14
2110.78	23
2111.17	25
2111.56	19
2111.96	17
2112.35	21
2112.74	20
2113.14	18
2113.53	23
2113.92	15
2114.32	15
2114.71	18
2115.1	20
2115.5	20
2115.89	11
2116.28	14
2116.67	20
2117.07	19
2117.46	24
2117.85	22
2118.25	15
2118.64	11
2119.03	28
2119.42	12
2119.82	22
2120.21	13
2120.6	21
2121	17
2121.39	24
2121.78	29
2122.17	17
2122.57	14
2122.96	20
2123.35	13
2123.74	26
2124.14	28
2124.53	19
2124.92	14
2125.31	16
2125.7	13
2126.1	24
2126.49	23
2126.88	23
2127.27	16
2127.67	19
2128.06	20
2128.45	24
2128.84	24
2129.23	15
2129.63	16
2130.02	20
2130.41	17
2130.8	19
2131.19	19
2131.59	20
2131.98	17
2132.37	16
2132.76	18
2133.15	22
2133.54	30
2133.94	9
2134.33	15
2134.72	12
2135.11	16
2135.5	23
2135.89	11
2136.29	17
2136.68	20
2137.07	15
2137.46	24
2137.85	18
2138.24	22
2138.63	16
2139.03	17
2139.42	19
2139.81	19
2140.2	18
2140.59	22
2140.98	18
2141.37	19
2141.77	19
2142.16	23
2142.55	12
2142.94	23
2143.33	18
2143.72	18
2144.11	22
2144.5	16
2144.89	18
2145.28	23
2145.68	24
2146.07	20
2146.46	18
2146.85	17
2147.24	14
2147.63	26
2148.02	20
2148.41	20
2148.8	20
2149.19	18
2149.58	17
2149.97	22
2150.36	20
2150.75	22
2151.14	18
2151.53	19
2151.92	18
2152.31	21
2152.71	20
2153.1	14
2153.49	16
2153.88	21
2154.27	21
2154.66	18
2155.05	14
2155.44	17
2155.83	11
2156.22	17
2156.61	17
2157	14
2157.39	17
2157.78	20
2158.17	15
2158.56	15
2158.95	15
2159.34	13
2159.73	13
2160.12	13
2160.51	21
2160.9	15
2161.28	18
2161.67	17
2162.06	24
2162.45	20
2162.84	20
2163.23	21
2163.62	20
2164.01	17
2164.4	15
2164.79	18
2165.18	21
2165.57	13
2165.96	13
2166.35	17
2166.74	21
2167.13	18
2167.52	19
2167.91	22
2168.29	12
2168.68	13
2169.07	11
2169.46	19
2169.85	24
2170.24	19
2170.63	18
2171.02	11
2171.41	19
2171.8	25
2172.19	16
2172.57	19
2172.96	22
2173.35	14
2173.74	24
2174.13	21
2174.52	18
2174.91	13
2175.3	22
2175.68	14
2176.07	24
2176.46	18
2176.85	22
2177.24	14
2177.63	12
2178.02	19
2178.4	20
2178.79	30
2179.18	19
2179.57	12
2179.96	11
2180.34	17
2180.73	22
2181.12	24
2181.51	22
2181.9	15
2182.29	18
2182.68	22
2183.06	15
2183.45	21
2183.84	15
2184.23	12
2184.61	19
2185	21
2185.39	14
2185.78	16
2186.17	16
2186.55	16
2186.94	25
2187.33	22
2187.72	19
2188.11	23
2188.49	14
2188.88	18
2189.27	16
2189.66	20
2190.04	13
2190.43	19
2190.82	20
2191.21	22
2191.59	20
2191.98	22
2192.37	13
2192.76	19
2193.14	11
2193.53	18
2193.92	22
2194.3	25
2194.69	18
2195.08	11
2195.47	13
2195.85	13
2196.24	20
2196.63	21
2197.02	18
2197.4	18
2197.79	11
2198.18	16
2198.56	23
2198.95	13
2199.34	16
2199.72	12
2200.11	19
2200.5	18
2200.89	24
2201.27	18
2201.66	19
2202.04	18
2202.43	20
2202.82	22
2203.2	20
2203.59	19
2203.98	13
2204.36	21
2204.75	22
2205.14	21
2205.52	18
2205.91	15
2206.3	14
2206.68	16
2207.07	14
2207.46	12
2207.84	14
2208.23	19
2208.61	21
2209	7
2209.39	16
2209.77	20
2210.16	16
2210.54	16
2210.93	15
2211.32	20.0818
2211.7	15.821
2212.09	16.0732
2212.47	17.3561
2212.86	21.1255
2213.25	22.7708
2213.63	17.1267
2214.02	18.775
2214.4	17.2626
2214.79	25.2079
2215.18	16.1103
2215.56	19.6406
2215.95	16.7485
2216.33	18.1141
2216.72	15.8881
2217.1	21.9882
2217.49	24.0555
2217.88	19.0668
2218.26	16.4333
2218.65	17.0846
2219.03	20.1338
2219.42	17.7539
2219.8	16.9403
2220.19	19.9002
2220.57	17.6068
2220.96	20.3705
2221.34	18.2369
2221.73	16.6722
2222.11	17.5984
2222.5	14.0821
2222.88	13.3317
2223.27	23.6466
2223.65	22.6302
2224.04	18.651
2224.42	16.4735
2224.81	17.2476
2225.19	20.2382
2225.58	19.0595
2225.96	15.3898
2226.35	19.7109
2226.73	19.9645
2227.12	18.41
2227.5	15.151
2227.89	23.1328
2228.27	22.2586
2228.66	18.8479
2229.04	14.844
2229.43	17.9494
2229.81	16.7409
2230.2	16.5023
2230.58	20.169
2230.96	19.142
2231.35	16.425
2231.73	20.8182
2232.12	20.0296
2232.5	21.6451
2232.89	19.4703
2233.27	17.9975
2233.66	13.8457
2234.04	12.4953
2234.43	16.7291
2234.81	21.6767
2235.19	20.3934
2235.58	19.3373
2235.96	18.6119
2236.35	16.978
2236.73	17.4173
2237.11	15.5571
2237.5	15.4457
2237.88	18.5555
2238.27	19.249
2238.65	20.781
2239.03	16.668
2239.42	21.0964
2239.8	16
2240.19	16.1974
2240.57	20.0296
2240.95	23.6028
2241.34	19.0698
2241.72	16.9421
2242.11	18.9963
2242.49	16.7261
2242.87	17.8959
2243.26	23.1344
2243.64	24.5295
2244.02	13.0658
2244.41	19.6042
2244.79	20
2245.17	21.1949
2245.56	15.3712
2245.94	18.9683
2246.32	16.3348
2246.71	19.6414
2247.09	17.7338
2247.47	21.5655
2247.86	21.1025
2247.9	21
2248.29	18
2248.67	20
2249.06	18
2249.45	18
2249.84	22
2250.23	15
2250.62	18
2251	16
2251.39	13
2251.78	16
2252.17	21
2252.56	21
2252.94	19
2253.33	14
2253.72	19
2254.11	23
2254.49	15
2254.88	23
2255.27	26
2255.66	22
2256.05	23
2256.43	24
2256.82	13
2257.21	18
2257.6	12
2257.99	16
2258.37	21
2258.76	18
2259.15	20
2259.53	19
2259.92	12
2260.31	22
2260.7	21
2261.09	23
2261.47	9
2261.86	13
2262.25	23
2262.64	24
2263.02	16
2263.41	22
2263.8	14
2264.18	18
2264.57	26
2264.96	24
2265.35	21
2265.73	10
2266.12	20
2266.51	14
2266.89	20
2267.28	16
2267.67	19
2268.05	18
2268.44	16
2268.83	14
2269.21	14
2269.6	15
2269.99	18
2270.37	19
2270.76	15
2271.15	11
2271.53	26
2271.92	21
2272.31	17
2272.69	16
2273.08	13
2273.47	26
2273.85	21
2274.24	20
2274.63	20
2275.01	14
2275.4	20
2275.79	19
2276.17	11
2276.56	18
2276.94	19
2277.33	20
2277.72	24
2278.1	18
2278.49	16
2278.87	15
2279.26	20
2279.65	26
2280.03	11
2280.42	23
2280.81	14
2281.19	16
2281.58	16
2281.96	21
2282.35	18
2282.74	11
2283.12	16
2283.51	18
2283.89	11
2284.28	25
2284.66	17
2285.05	19
2285.43	16
2285.82	19
2286.21	22
2286.59	14
2286.98	23
2287.36	13
2287.75	22
2288.13	17
2288.52	17
2288.9	15
2289.29	21
2289.68	16
2290.06	17
2290.45	17
2290.83	19
2291.22	14
2291.6	15
2291.99	24
2292.37	18
2292.76	22
2293.14	26
2293.53	20
2293.91	19
2294.3	19
2294.68	23
2295.07	24
2295.45	16
2295.84	20
2296.22	18
2296.61	20
2296.99	17
2297.38	24
2297.76	24
2298.15	16
2298.53	24
2298.91	29
2299.3	25
2299.68	19
2300.07	22
2300.45	19
2300.84	19
2301.22	19
2301.61	25
2301.99	24
2302.38	14
2302.76	24
2303.14	21
2303.53	23
2303.91	25
2304.3	18
2304.68	24
2305.07	22
2305.45	18
2305.84	17
2306.22	17
2306.6	21
2306.99	12
2307.37	20
2307.76	27
2308.14	26
2308.52	24
2308.91	15
2309.29	13
2309.68	24
2310.06	23
2310.44	20
2310.83	15
2311.21	16
2311.59	20
2311.98	19
2312.36	15
2312.75	16
2313.13	11
2313.51	17
2313.9	17
2314.28	18
2314.66	20
2315.05	21
2315.43	18
2315.81	10
2316.2	16
2316.58	27
2316.96	23
2317.35	18
2317.73	18
2318.11	18
2318.5	21
2318.88	20
2319.26	21
2319.65	25
2320.03	19
2320.41	14
2320.8	19
2321.18	26
2321.56	23
2321.95	18
2322.33	13
2322.71	18
2323.09	26
2323.48	24
2323.86	13
2324.24	15
2324.63	16
2325.01	25
2325.39	17
2325.77	23
2326.16	16
2326.54	17
2326.92	19
2327.3	15
2327.69	21
2328.07	21
2328.45	23
2328.84	16
2329.22	27
2329.6	25
2329.98	28
2330.37	14
2330.75	20
2331.13	24
2331.51	17
2331.89	19
2332.28	16
2332.66	22
2333.04	17
2333.42	15
2333.81	15
2334.19	16
2334.57	16
2334.95	18
2335.33	26
2335.71	19
2336.1	24
2336.48	20
2336.86	18
2337.24	19
2337.62	25
2338.01	18
2338.39	12
2338.77	18
2339.15	17
2339.53	18
2339.92	22
2340.3	17
2340.68	17
2341.06	20
2341.44	15
2341.82	11
2342.2	25
2342.59	24
2342.97	19
2343.35	18
2343.73	15
2344.11	23
2344.49	21
2344.88	22
2345.26	23
2345.64	17
2346.02	17
2346.4	16
2346.78	26
2347.16	22
2347.54	16
2347.93	16
2348.31	17
2348.69	25
2349.07	19
2349.45	16
2349.83	21
2350.21	15
2350.59	22
2350.97	21
2351.35	21
2351.74	20
2352.12	17
2352.5	19
2352.88	21
2353.26	23
2353.64	19
2354.02	18
2354.4	14
2354.78	17
2355.16	18
2355.54	23
2355.92	26
2356.3	19
2356.68	13
2357.06	21
2357.44	16
2357.83	22
2358.21	20
2358.59	20
2358.97	15
2359.35	24
2359.73	21
2360.11	13
2360.49	20
2360.87	23
2361.25	11
2361.63	23
2362.01	27
2362.39	17
2362.77	22
2363.15	17
2363.53	24
2363.91	22
2364.29	24
2364.67	18
2365.05	20
2365.43	24
2365.81	20
2366.19	19
2366.57	17
2366.95	13
2367.33	19
2367.71	22
2368.09	26
2368.47	15
2368.85	26
2369.23	22
2369.6	12
2369.98	19
2370.36	27
2370.74	16
2371.12	18
2371.5	15
2371.88	21
2372.26	21
2372.64	17
2373.02	21
2373.4	19
2373.78	25
2374.16	19
2374.54	21
2374.92	16
2375.3	19
2375.68	20
2376.05	23
2376.43	19
2376.81	23
2377.19	25
2377.57	15
2377.95	24
2378.33	17
2378.71	21
2379.08	25
2379.46	23
2379.84	18
2380.22	19
2380.6	25
2380.98	16
2381.36	20
2381.74	18
2382.12	27
2382.49	22
2382.87	23
2383.25	27
2383.63	24
2384.01	21
2384.39	21
2384.77	18
2385.14	23
2385.52	23
2385.9	21
2386.28	21
2386.66	24
2387.04	13
2387.41	21
2387.79	18
2388.17	22
2388.55	18
2388.93	22
2389.3	21
2389.68	17
2390.06	25
2390.44	22
2390.82	22
2391.19	17
2391.57	16
2391.95	17
2392.33	20
2392.71	18
2393.09	20
2393.46	21
2393.84	23
2394.22	20
2394.6	24
2394.97	16
2395.35	24
2395.73	17
2396.11	24
2396.48	17
2396.86	23
2397.24	22
2397.62	24
2397.99	21
2398.37	22
2398.75	24
2399.13	21
2399.5	20
2399.88	24
2400.26	24
2400.64	16
2401.01	14
2401.39	16
2401.77	24
2402.15	22
2402.52	12
2402.9	21
2403.28	17
2403.65	23
2404.03	24
2404.41	20
2404.79	12
2405.16	22
2405.54	19
2405.92	28
2406.29	19
2406.67	18
2407.05	17
2407.42	22
2407.8	24
2408.18	20
2408.55	19
2408.93	11
2409.31	22
2409.68	21
2410.06	23
2410.44	23
2410.81	18
2411.19	21
2411.57	25
2411.94	20
2412.32	27
2412.7	21
2413.07	27
2413.45	9
2413.82	17
2414.2	28
2414.58	26
2414.95	25
2415.33	19
2415.71	20
2416.08	20
2416.46	23
2416.83	20
2417.21	29
2417.59	22
2417.96	16
2418.34	22
2418.72	26
2419.09	31
2419.47	29
2419.84	17
2420.22	25
2420.6	22
2420.97	23
2421.35	23
2421.72	20
2422.1	23
2422.47	19
2422.85	19
2423.22	26
2423.6	17
2423.98	22
2424.35	23
2424.73	24
2425.1	25
2425.48	28
2425.86	20
2426.23	18
2426.61	22
2426.98	26
2427.36	21
2427.73	20
2428.11	30
2428.48	17
2428.86	22
2429.23	28
2429.61	17
2429.98	20
2430.36	21
2430.73	20
2431.11	24
2431.48	21
2431.86	22
2432.23	27
2432.61	22
2432.98	18
2433.36	26
2433.73	22
2434.11	28
2434.48	14
2434.86	15
2435.23	27
2435.61	21
2435.98	25
2436.36	17
2436.73	17
2437.11	24
2437.48	24
2437.85	22
2438.23	19
2438.6	25
2438.98	23
2439.35	22
2439.73	20
2440.1	21
2440.48	26
2440.85	22
2441.23	24
2441.6	26
2441.97	20
2442.35	24
2442.72	22
2443.1	27
2443.47	17
2443.85	22
2444.22	18
2444.59	23
2444.97	5
2445.34	21
2445.72	23
2446.09	25
2446.46	18
2446.84	22
2447.21	18
2447.59	20
2447.96	22
2448.33	21
2448.71	24
2449.08	24
2449.46	21
2449.83	25
2450.2	25
2450.58	29
2450.95	24
2451.32	22
2451.7	26
2452.07	22
2452.44	22
2452.82	25
2453.19	26
2453.56	25
2453.94	26
2454.31	22
2454.69	16
2455.06	35
2455.43	23
2455.8	25
2456.18	21
2456.55	16
2456.92	15
2457.3	27
2457.67	19
2458.05	13
2458.42	13
2458.79	18
2459.16	16
2459.54	32
2459.91	23
2460.28	26
2460.66	16
2461.03	24
2461.4	20
2461.77	19
2462.15	24
2462.52	22
2462.89	22
2463.27	19
2463.64	17
2464.01	23
2464.38	21
2464.76	19
2465.13	19
2465.5	17
2465.87	23
2466.25	24
2466.62	15
2466.99	13
2467.37	25
2467.74	23
2468.11	19
2468.48	22
2468.85	24
2469.23	25
2469.6	24
2469.97	17
2470.34	21
2470.72	21
2471.09	19
2471.46	24
2471.83	28
2472.2	22
2472.58	19
2472.95	28
2473.32	27
2473.69	24
2474.06	20
2474.44	23
2474.81	25
2475.18	15
2475.55	26
2475.92	19
2476.3	19
2476.67	22
2477.04	24
2477.41	25
2477.78	21
2478.15	25
2478.53	25
2478.9	30
2479.27	22
2479.64	25
2480.01	25
2480.38	13
2480.76	21
2481.13	21
2481.5	18
2481.87	24
2482.24	18
2482.61	18
2482.98	23
2483.35	26
2483.73	26
2484.1	22
2484.47	19
2484.84	22
2485.21	21
2485.58	21
2485.95	16
2486.32	26
2486.7	21
2487.07	20
2487.44	17
2487.81	25
2488.18	24
2488.55	25
2488.92	21
2489.29	21
2489.66	22
2490.03	28
2490.41	24
2490.78	28
2491.15	23
2491.52	25
2491.89	25
2492.26	22
2492.63	24
2493	30
2493.37	18
2493.74	22
2494.11	19
2494.48	25
2494.85	21
2495.22	19
2495.59	17
2495.96	22
2496.33	23
2496.7	25
2497.07	16
2497.45	21
2497.81	24
2498.19	15
2498.55	28
2498.93	19
2499.3	18
2499.67	19
2500.04	21
2500.41	17
2500.78	26
2501.15	18
2501.52	23
2501.89	23
2502.26	22
2502.63	23
2503	22
2503.37	22
2503.74	12
2504.1	29
2504.48	26
2504.84	26
2505.22	19
2505.58	25
2505.95	23
2506.32	16
2506.69	27
2507.06	22
2507.43	20
2507.8	26
2508.17	20
2508.54	20
2508.91	26
2509.28	21
2509.65	25
2510.02	23
2510.39	26
2510.76	26
2511.13	14
2511.49	21
2511.86	24
2512.23	21
2512.6	17
2512.97	21
2513.34	23
2513.71	19
2514.08	23
2514.45	24
2514.82	27
2515.19	19
2515.56	25
2515.92	24
2516.29	20
2516.66	20
2517.03	22
2517.4	23
2517.77	19
2518.14	29
2518.51	26
2518.88	18
2519.24	30
2519.61	19
2519.98	23
2520.35	31
2520.72	21
2521.09	28
2521.46	25
2521.82	24
2522.19	20
2522.56	22
2522.93	19
2523.3	26
2523.67	20
2524.03	28
2524.4	21
2524.77	33
2525.14	11
2525.51	27
2525.88	25
2526.24	24
2526.61	19
2526.98	21
2527.35	18
2527.72	22
2528.08	29
2528.45	18
2528.82	19
2529.19	22
2529.56	20
2529.92	21
2530.29	21
2530.66	24
2531.03	24
2531.4	20
2531.76	28
2532.13	24
2532.5	24
2532.87	27
2533.23	25
2533.6	30
2533.97	26
2534.34	24
2534.7	24
2535.07	26
2535.44	22
2535.81	29
2536.17	20
2536.54	18
2536.91	19
2537.28	28
2537.64	29
2538.01	30
2538.38	23
2538.74	27
2539.11	26
2539.48	26
2539.85	18
2540.21	24
2540.58	23
2540.95	22
2541.32	17
2541.68	24
2542.05	24
2542.42	19
2542.78	17
2543.15	22
2543.52	19
2543.88	23
2544.25	26
2544.62	22
2544.98	17
2545.35	23
2545.72	17
2546.09	29
2546.45	24
2546.82	26
2547.19	23
2547.55	26
2547.92	24
2548.29	25
2548.65	16
2549.02	24
2549.39	29
2549.75	26
2550.12	34
2550.48	23
2550.85	29
2551.22	21
2551.58	28
2551.95	31
2552.31	21
2552.68	22
2553.05	27
2553.41	23
2553.78	20
2554.15	26
2554.51	26
2554.88	24
2555.24	18
2555.61	20
2555.98	24
2556.34	15
2556.71	29
2557.07	20
2557.44	25
2557.81	19
2558.17	31
2558.54	26
2558.9	26.1
2559.27	21.0393
2559.64	22.8072
2560	21.0874
2560.37	14.5169
2560.73	22.1535
2561.1	27.6905
2561.46	23
2561.83	21.3932
2562.19	28.9579
2562.56	21.0247
2562.93	21.4471
2563.29	20.2381
2563.66	19.4386
2564.02	22.8343
2564.39	23.638
2564.75	29.1755
2565.12	26.713
2565.48	28.5752
2565.85	18.1254
2566.21	26.815
2566.58	22.3156
2566.94	18.5323
2567.31	21.1755
2567.67	18.0812
2568.04	29.0666
2568.4	22.7637
2568.77	24.3953
2569.14	25.0599
2569.5	26.7765
2569.86	22.854
2570.23	23.8338
2570.6	20.8033
2570.96	26.5687
2571.32	22.48
2571.69	22.6762
2572.05	21.3905
2572.42	25.3214
2572.78	28.1667
2573.15	24.4039
2573.51	27.1816
2573.88	23.9811
2574.24	23.6656
2574.61	28.5947
2574.97	26.6769
2575.34	25.1427
2575.7	28.7703
2576.07	26.109
2576.43	24.5186
2576.79	28.4143
2577.16	27.4001
2577.52	26.2422
2577.89	28.7348
2578.25	23.2295
2578.62	23.2551
2578.98	27.3985
2579.34	28.1437
2579.71	27.0901
2580.07	28.3585
2580.44	22.8586
2580.8	20.2676
2581.17	28.3845
2581.53	30.9441
2581.89	25.9236
2582.26	25.584
2582.62	27.6176
2582.99	25
2583.35	23.475
2583.71	26.9877
2584.08	25.4402
2584.44	25.5504
2584.81	26.707
2585.17	26.608
2585.53	27.3296
2585.9	26.0679
2586.26	26.1505
2586.63	22.2475
2586.99	27.6894
2587.35	29.3299
2587.72	26.2502
2588.08	26.0867
2588.44	30.1137
2588.81	25.9879
2589.17	26.1617
2589.53	28.2729
2589.9	28.3605
2590.26	25.7063
2590.62	23.3659
2590.99	24.0123
2591.35	27.1118
2591.71	28.1371
2592.08	25.9505
2592.44	28.8092
2592.81	29.6072
2593.17	28.0509
2593.53	29.6381
2593.89	29.4333
2594.26	27.4221
2594.62	22.7524
2594.98	24.5427
2595.35	27.0866
2595.71	26.8528
2596.07	24.3104
2596.44	25.2286
2596.8	30.5725
2597.09	22
2597.46	24
2597.82	39
2598.19	22
2598.56	29
2598.93	29
2599.29	29
2599.66	32
2600.03	27
2600.4	24
2600.76	23
2601.13	35
2601.5	27
2601.87	35
2602.23	34
2602.6	25
2602.97	36
2603.34	23
2603.7	27
2604.07	32
2604.44	31
2604.81	25
2605.17	24
2605.54	34
2605.91	32
2606.28	29
2606.64	27
2607.01	28
2607.38	31
2607.74	25
2608.11	31
2608.48	21
2608.85	25
2609.21	30
2609.58	29
2609.95	34
2610.31	34
2610.68	27
2611.05	32
2611.42	26
2611.78	28
2612.15	32
2612.52	27
2612.88	24
2613.25	34
2613.61	31
2613.98	26
2614.35	28
2614.72	30
2615.08	34
2615.45	37
2615.82	28
2616.18	22
2616.55	25
2616.91	34
2617.28	34
2617.65	31
2618.01	31
2618.38	32
2618.75	24
2619.11	22
2619.48	38
2619.84	36
2620.21	33
2620.58	31
2620.94	23
2621.31	31
2621.68	23
2622.04	32
2622.41	36
2622.77	40
2623.14	34
2623.51	35
2623.87	34
2624.24	34
2624.6	33
2624.97	33
2625.34	33
2625.7	29
2626.07	31
2626.43	34
2626.8	35
2627.17	33
2627.53	37
2627.9	34
2628.26	39
2628.63	35
2628.99	35
2629.36	33
2629.72	40
2630.09	30
2630.46	35
2630.82	39
2631.19	37
2631.55	28
2631.92	38
2632.28	38
2632.65	42
2633.01	34
2633.38	41
2633.74	42
2634.11	39
2634.47	31
2634.84	36
2635.2	39
2635.57	32
2635.94	33
2636.3	28
2636.66	35
2637.03	44
2637.4	31
2637.76	29
2638.13	38
2638.49	36
2638.85	45
2639.22	40
2639.58	27
2639.95	57
2640.31	37
2640.68	33
2641.04	45
2641.41	39
2641.77	41
2642.14	45
2642.5	36
2642.87	45
2643.23	40
2643.6	45
2643.96	47
2644.32	45
2644.69	40
2645.05	47
2645.42	37
2645.78	51
2646.15	35
2646.51	45
2646.88	38
2647.24	41
2647.6	44
2647.97	40
2648.33	44
2648.7	41
2649.06	49
2649.43	46
2649.79	41
2650.15	51
2650.52	46
2650.88	45
2651.25	49
2651.61	43
2651.97	57
2652.34	45
2652.7	46
2653.06	51
2653.43	51
2653.79	48
2654.16	44
2654.52	44
2654.88	51
2655.25	43
2655.61	36
2655.98	55
2656.34	54
2656.7	45
2657.07	44
2657.43	50
2657.79	37
2658.16	54
2658.52	53
2658.88	51
2659.25	53
2659.61	55
2659.97	61
2660.34	52
2660.7	44
2661.07	58
2661.43	51
2661.79	42
2662.15	52
2662.52	52
2662.88	59
2663.24	53
2663.61	51
2663.97	50
2664.33	56
2664.7	57
2665.06	52
2665.42	53
2665.79	56
2666.15	61
2666.51	46
2666.87	62
2667.24	52
2667.6	63
2667.96	63
2668.33	72
2668.69	68
2669.05	53
2669.41	56
2669.78	53
2670.14	47
2670.5	55
2670.86	62
2671.23	55
2671.59	58
2671.95	50
2672.32	62
2672.68	61
2673.04	50
2673.4	60
2673.76	61
2674.13	64
2674.49	63
2674.85	67
2675.21	65
2675.58	57
2675.94	71
2676.3	62
2676.66	57
2677.02	58
2677.39	76
2677.75	53
2678.11	65
2678.47	73
2678.84	75
2679.2	73
2679.56	68
2679.92	75
2680.28	77
2680.64	62
2681.01	63
2681.37	68
2681.73	78
2682.09	69
2682.46	76
2682.82	65
2683.18	77
2683.54	70
2683.9	61
2684.26	74
2684.62	68
2684.99	83
2685.35	67
2685.71	58
2686.07	84
2686.43	74
2686.79	65
2687.16	75
2687.52	69
2687.88	68
2688.24	81
2688.6	71
2688.96	63
2689.32	70
2689.68	67
2690.05	70
2690.41	68
2690.77	71
2691.13	63
2691.49	81
2691.85	85
2692.21	74
2692.57	70
2692.94	77
2693.3	79
2693.66	73
2694.02	61
2694.38	75
2694.74	60
2695.1	68
2695.46	61
2695.82	69
2696.18	68
2696.54	68
2696.91	71
2697.27	68
2697.63	81
2697.99	71
2698.35	77
2698.71	77
2699.07	67
2699.43	65
2699.79	76
2700.15	69
2700.51	73
2700.87	70
2701.23	72
2701.59	77
2701.95	65
2702.31	72
2702.67	68
2703.03	67
2703.39	76
2703.75	69
2704.11	74
2704.47	69
2704.84	73
2705.2	62
2705.56	75
2705.92	62
2706.28	73
2706.64	69
2707	69
2707.36	68
2707.72	67
2708.08	62
2708.44	61
2708.8	70
2709.16	72
2709.52	70
2709.88	55
2710.23	58
2710.59	76
2710.95	66
2711.31	60
2711.67	63
2712.03	43
2712.39	62
2712.75	67
2713.11	60
2713.47	69
2713.83	59
2714.19	69
2714.55	65
2714.91	62
2715.27	58
2715.63	59
2715.99	60
2716.35	69
2716.71	51
2717.07	69
2717.42	59
2717.78	43
2718.14	61
2718.5	62
2718.86	59
2719.22	57
2719.58	54
2719.94	57
2720.3	60
2720.66	56
2721.02	61
2721.38	55
2721.73	64
2722.09	54
2722.45	54
2722.81	55
2723.17	45
2723.53	54
2723.89	50
2724.25	59
2724.61	51
2724.96	58
2725.32	56
2725.68	53
2726.04	51
2726.4	45
2726.76	49
2727.12	53
2727.48	41
2727.83	47
2728.19	44
2728.55	59
2728.91	43
2729.27	52
2729.63	50
2729.98	45
2730.34	49
2730.7	42
2731.06	51
2731.42	56
2731.77	58
2732.13	52
2732.49	46
2732.85	53
2733.21	42
2733.57	36
2733.92	49
2734.28	39
2734.64	38
2735	43
2735.36	46
2735.71	40
2736.07	41
2736.43	42
2736.79	48
2737.15	35
2737.5	41
2737.86	52
2738.22	39
2738.58	49
2738.93	44
2739.29	39
2739.65	46
2740.01	35
2740.37	45
2740.72	38
2741.08	44
2741.44	36
2741.8	40
2742.15	31
2742.51	36
2742.87	45
2743.23	36
2743.58	29
2743.94	32
2744.3	44
2744.66	29
2745.01	36
2745.37	29
2745.73	40
2746.08	33
2746.44	37
2746.8	30
2747.16	32
2747.51	28
2747.87	41
2748.23	41
2748.58	33
2748.94	38
2749.3	39
2749.66	32
2750.01	41
2750.37	49
2750.73	40
2751.08	30
2751.44	38
2751.8	35
2752.15	35
2752.51	28
2752.87	32
2753.22	38
2753.58	24
2753.94	33
2754.29	37
2754.65	32
2755.01	36
2755.36	39
2755.72	43
2756.08	30
2756.43	33
2756.79	31
2757.15	33
2757.5	43
2757.86	38
2758.21	27
2758.57	34
2758.93	35
2759.28	35
2759.64	42
2760	34
2760.35	37
2760.71	34
2761.06	35
2761.42	28
2761.78	32
2762.13	38
2762.49	30
2762.85	36
2763.2	38
2763.56	38
2763.91	34
2764.27	22
2764.63	30
2764.98	30
2765.34	33
2765.69	30
2766.05	28
2766.4	33
2766.76	25
2767.12	33
2767.47	28
2767.83	33
2768.18	22
2768.54	32
2768.89	27
2769.25	33
2769.6	31
2769.96	31
2770.32	28
2770.67	31
2771.03	33
2771.38	24
2771.74	36
2772.09	36
2772.45	28
2772.8	29
2773.16	30
2773.51	25
2773.87	29
2774.22	32
2774.58	25
2774.93	27
2775.29	23
2775.64	26
2776	31
2776.35	28
2776.71	30
2777.06	32
2777.42	29
2777.77	33
2778.13	24
2778.48	26
2778.84	23
2779.19	26
2779.55	29
2779.9	22
2780.26	38
2780.61	33
2780.97	28
2781.32	27
2781.68	33
2782.03	27
2782.39	30
2782.74	33
2783.1	32
2783.45	31
2783.8	33
2784.16	24
2784.51	32
2784.87	34
2785.22	30
2785.58	22
2785.93	20
2786.29	26
2786.64	20
2786.99	31
2787.35	30
2787.7	32
2788.06	20
2788.41	33
2788.77	21
2789.12	22
2789.47	37
2789.83	29
2790.18	24
2790.54	33
2790.89	27
2791.24	30
2791.6	31
2791.95	27
2792.3	26
2792.66	26
2793.01	32
2793.37	24
2793.72	34
2794.07	34
2794.43	24
2794.78	25
2795.13	24
2795.49	28
2795.84	21
2796.2	24
2796.55	34
2796.9	26
2797.26	35
2797.61	23
2797.96	29
2798.32	23
2798.67	26
2799.03	29
2799.38	25
2799.73	28
2800.08	32
2800.44	27
2800.79	30
2801.14	28
2801.5	29
2801.85	24
2802.2	19
2802.56	29
2802.91	29
2803.26	30
2803.62	26
2803.97	20
2804.32	22
2804.68	32
2805.03	29
2805.38	26
2805.73	31
2806.09	31
2806.44	25
2806.79	24
2807.15	27
2807.5	27
2807.85	32
2808.2	26
2808.56	28
2808.91	25
2809.26	33
2809.61	24
2809.97	25
2810.32	27
2810.67	20
2811.03	27
2811.38	29
2811.73	22
2812.08	27
2812.44	26
2812.79	28
2813.14	32
2813.49	28
2813.85	24
2814.2	20
2814.55	28
2814.9	21
2815.25	28
2815.61	22
2815.96	23
2816.31	28
2816.66	30
2817.02	25
2817.37	21
2817.72	26
2818.07	30
2818.42	25
2818.77	24
2819.13	27
2819.48	19
2819.83	29
2820.18	27
2820.54	23
2820.89	24
2821.24	21
2821.59	26
2821.94	26
2822.29	23
2822.65	28
2823	27
2823.35	26
2823.7	24
2824.05	28
2824.4	30
2824.76	27
2825.11	29
2825.46	19
2825.81	26
2826.16	26
2826.51	29
2826.86	26
2827.21	30
2827.57	21
2827.92	18
2828.27	25
2828.62	22
2828.97	24
2829.32	22
2829.67	28
2830.02	24
2830.38	26
2830.73	24
2831.08	24
2831.43	23
2831.78	18
2832.13	21
2832.48	32
2832.83	24
2833.19	21
2833.54	31
2833.89	33
2834.24	28
2834.59	28
2834.94	23
2835.29	22
2835.64	28
2835.99	26
2836.34	18
2836.69	22
2837.04	28
2837.39	31
2837.75	22
2838.09	27
2838.45	31
2838.8	14
2839.15	32
2839.5	27
2839.85	25
2840.2	22
2840.55	32
2840.9	32
2841.25	24
2841.6	24
2841.95	25
2842.3	25
2842.65	23
2843	25
2843.35	25
2843.7	20
2844.05	24
2844.4	28
2844.75	22
2845.1	24
2845.45	21
2845.8	24
2846.15	38
2846.5	25
2846.85	29
2847.2	16
2847.55	24
2847.9	29
2848.25	24
2848.6	23
2848.95	29
2849.3	22
2849.65	25
2850	22
2850.35	27
2850.7	26
2851.05	21
2851.4	25
2851.75	14
2852.1	32
2852.45	24
2852.8	29
2853.15	24
2853.5	23
2853.85	14
2854.2	25
2854.54	22
2854.89	26
2855.24	33
2855.59	29
2855.94	32
2856.29	34
2856.64	25
2856.99	27
2857.34	29
2857.69	29
2858.04	23
2858.39	24
2858.74	28
2859.08	25
2859.43	13
2859.78	17
2860.13	20
2860.48	26
2860.83	24
2861.18	20
2861.53	20
2861.88	26
2862.23	24
2862.57	29
2862.92	22
2863.27	24
2863.62	31
2863.97	20
2864.32	25
2864.67	20
2865.02	28
2865.36	22
2865.71	26
2866.06	28
2866.41	30
2866.76	28
2867.11	23
2867.45	33
2867.8	25
2868.15	25
2868.5	25
2868.85	24
2869.2	23
2869.54	29
2869.89	26
2870.24	22
2870.59	33
2870.94	28
2871.29	28
2871.63	26
2871.98	26
2872.33	25
2872.68	15
2873.03	27
2873.37	20
2873.72	31
2874.07	27
2874.42	20
2874.77	25
2875.11	27
2875.46	25
2875.81	20
2876.16	28
2876.51	21
2876.85	27
2877.2	30
2877.55	23
2877.9	21
2878.24	20
2878.59	31
2878.94	28
2879.29	31
2879.63	24
2879.98	30
2880.33	24
2880.68	19
2881.02	31
2881.37	27
2881.72	23
2882.07	23
2882.42	20
2882.76	25
2883.11	23
2883.46	24
2883.8	27
2884.15	24
2884.5	37
2884.85	32
2885.19	19
2885.54	28
2885.89	25
2886.23	30
2886.58	27
2886.93	29
2887.28	25
2887.62	24
2887.97	34
2888.32	26
2888.66	21.1107
2889.01	24.8727
2889.36	27.881
2889.7	21.4614
2890.05	24.2211
2890.4	20.723
2890.74	28.0796
2891.09	25.7473
2891.44	26.1236
2891.79	23.5345
2892.13	32.4219
2892.48	27.9865
2892.82	26.0803
2893.17	31.4011
2893.52	22.3846
2893.86	29.4432
2894.21	24.3388
2894.56	29.7368
2894.9	28.8354
2895.25	26.4549
2895.6	22.727
2895.94	24.542
2896.29	28.1278
2896.64	26.5095
2896.98	21.8914
2897.33	19.4765
2897.67	25.9822
2898.02	28.9524
2898.37	24.6381
2898.71	22.0446
2899.06	31.9236
2899.41	30.9855
2899.75	24.9913
2900.1	23.031
2900.44	21.4759
2900.79	28.5487
2901.14	31.7134
2901.48	27.8977
2901.83	21.667
2902.17	30.5048
2902.52	31.0884
2902.87	26.6479
2903.21	26.1299
2903.56	25.7692
2903.9	33.7827
2904.25	27.0719
2904.59	29.0654
2904.94	28.9845
2905.29	30.5713
2905.63	29.2761
2905.98	29.9868
2906.32	29.9533
2906.67	30.6711
2907.01	29.3244
2907.36	26.8372
2907.71	33.849
2908.05	28.8887
2908.4	28.0471
2908.74	27.0496
2909.09	31.0031
2909.43	31.4238
2909.78	29.4033
2910.12	32.916
2910.47	35.0337
2910.82	30.2429
2911.16	32.6007
2911.5	28.8198
2911.85	28.0103
2912.2	28.9571
2912.54	29.4064
2912.89	25.3991
2913.23	27.5102
2913.58	26.5017
2913.92	18.5242
2914.27	33.7945
2914.61	34.4048
2914.96	31.6429
2915.3	21.8638
2915.65	33.4335
2915.99	27.2716
2916.34	28.6719
2916.68	27.8788
2917.03	27.2766
2917.37	26.1773
2917.72	32.9777
2918.06	34.046
2918.41	29.6079
2918.75	30.917
2919.09	29.4319
2919.44	30.2964
2919.78	30.2851
2920.13	31.4377
2920.47	33.7152
2920.82	33.3045
2921.16	32.2181
2921.51	36.3342
2921.85	34.8504
2922.2	32.437
2922.54	29.1241
2922.88	31.2561
2923.23	30.3767
2923.57	28.3931
2923.92	31.912
2924.26	32.6923
2924.61	31.9762
2924.74	32
2925.09	29
2925.44	31
2925.79	41
2926.14	33
2926.48	30
2926.83	30
2927.18	27
2927.53	30
2927.88	26
2928.23	33
2928.58	31
2928.93	32
2929.28	25
2929.62	37
2929.97	36
2930.32	28
2930.67	22
2931.02	23
2931.37	31
2931.72	29
2932.06	25
2932.41	31
2932.76	37
2933.11	34
2933.46	39
2933.81	25
2934.16	35
2934.5	33
2934.85	33
2935.2	38
2935.55	31
2935.9	34
2936.25	27
2936.59	36
2936.94	38
2937.29	29
2937.64	39
2937.99	26
2938.33	34
2938.68	35
2939.03	31
2939.38	33
2939.73	34
2940.08	33
2940.42	31
2940.77	29
2941.12	34
2941.47	30
2941.81	33
2942.16	27
2942.51	36
2942.86	28
2943.21	38
2943.55	34
2943.9	39
2944.25	33
2944.6	30
2944.94	31
2945.29	33
2945.64	39
2945.99	36
2946.34	34
2946.68	28
2947.03	32
2947.38	36
2947.72	32
2948.07	34
2948.42	36
2948.77	31
2949.11	25
2949.46	31
2949.81	26
2950.16	32
2950.5	40
2950.85	36
2951.2	28
2951.55	33
2951.89	30
2952.24	28
2952.59	36
2952.93	38
2953.28	33
2953.63	35
2953.98	32
2954.32	31
2954.67	40
2955.02	30
2955.36	30
2955.71	32
2956.06	36
2956.4	33
2956.75	36
2957.1	27
2957.44	32
2957.79	30
2958.14	27
2958.48	28
2958.83	32
2959.18	38
2959.52	25
2959.87	23
2960.22	40
2960.56	31
2960.91	21
2961.26	36
2961.6	32
2961.95	36
2962.3	26
2962.64	35
2962.99	30
2963.33	31
2963.68	36
2964.03	27
2964.37	28
2964.72	32
2965.07	28
2965.41	28
2965.76	28
2966.11	33
2966.45	26
2966.8	26
2967.14	30
2967.49	31
2967.84	32
2968.18	34
2968.53	31
2968.87	25
2969.22	28
2969.57	26
2969.91	30
2970.26	41
2970.6	30
2970.95	26
2971.29	29
2971.64	29
2971.99	27
2972.33	32
2972.68	20
2973.02	32
2973.37	36
2973.72	26
2974.06	33
2974.41	31
2974.75	23
2975.1	37
2975.44	34
2975.79	30
2976.13	28
2976.48	32
2976.82	28
2977.17	26
2977.51	30
2977.86	23
2978.21	24
2978.55	30
2978.9	32
2979.24	32
2979.59	27
2979.93	26
2980.28	26
2980.62	23
2980.97	25
2981.31	22
2981.66	28
2982	31
2982.35	24
2982.69	23
2983.04	28
2983.38	25
2983.73	26
2984.07	30
2984.42	33
2984.76	31
2985.11	32
2985.45	25
2985.8	31
2986.14	28
2986.49	28
2986.83	32
2987.18	34
2987.52	22
2987.86	24
2988.21	27
2988.55	28
2988.9	25
2989.24	26
2989.59	23
2989.93	24
2990.28	25
2990.62	24
2990.97	20
2991.31	24
2991.65	28
2992	22
2992.34	28
2992.69	29
2993.03	26
2993.38	13
2993.72	30
2994.06	24
2994.41	24
2994.75	21
2995.1	30
2995.44	24
2995.78	25
2996.13	26
2996.47	23
2996.82	27
2997.16	23
2997.5	22
2997.85	28
2998.19	25
2998.54	26
2998.88	24
2999.22	24
2999.57	24
2999.91	30
3000.26	24
3000.6	24
3000.94	29
3001.29	21
3001.63	24
3001.97	22
3002.32	26
3002.66	22
3003	23
3003.35	23
3003.69	22
3004.03	25
3004.38	24
3004.72	23
3005.07	23
3005.41	22
3005.75	29
3006.09	17
3006.44	22
3006.78	27
3007.12	27
3007.47	29
3007.81	32
3008.16	24
3008.5	26
3008.84	17
3009.18	27
3009.53	20
3009.87	26
3010.21	29
3010.56	23
3010.9	26
3011.24	17
3011.59	28
3011.93	26
3012.27	23
3012.61	21
3012.96	21
3013.3	21
3013.64	33
3013.98	27
3014.33	20
3014.67	26
3015.01	21
3015.36	16
3015.7	19
3016.04	21
3016.38	20
3016.73	16
3017.07	29
3017.41	22
3017.75	19
3018.1	25
3018.44	21
3018.78	14
3019.12	24
3019.47	20
3019.81	30
3020.15	16
3020.49	29
3020.84	29
3021.18	24
3021.52	26
3021.86	20
3022.2	26
3022.55	24
3022.89	19
3023.23	22
3023.57	26
3023.91	24
3024.26	24
3024.6	12
3024.94	30
3025.28	20
3025.62	19
3025.97	25
3026.31	22
3026.65	21
3026.99	23
3027.33	22
3027.68	25
3028.02	26
3028.36	19
3028.7	23
3029.04	19
3029.38	24
3029.73	12
3030.07	26
3030.41	19
3030.75	28
3031.09	27
3031.43	25
3031.78	24
3032.12	27
3032.46	23
3032.8	25
3033.14	25
3033.48	14
3033.83	20
3034.17	24
3034.51	22
3034.85	18
3035.19	31
3035.53	28
3035.87	24
3036.21	26
3036.56	25
3036.9	30
3037.24	20
3037.58	23
3037.92	24
3038.26	17
3038.6	21
3038.94	18
3039.28	20
3039.62	13
3039.96	31
3040.31	22
3040.65	23
3040.99	22
3041.33	22
3041.67	29
3042.01	22
3042.35	17
3042.69	26
3043.03	24
3043.37	23
3043.71	24
3044.05	20
3044.39	21
3044.74	20
3045.08	21
3045.42	18
3045.76	29
3046.1	11
3046.44	24
3046.78	19
3047.12	22
3047.46	16
3047.8	28
3048.14	22
3048.48	23
3048.82	18
3049.16	20
3049.5	25
3049.84	25
3050.18	21
3050.52	24
3050.86	19
3051.2	22
3051.54	26
3051.88	24
3052.22	25
3052.56	22
3052.9	18
3053.24	27
3053.58	18
3053.92	24
3054.26	13
3054.6	26
3054.94	24
3055.28	21
3055.62	16
3055.96	27
3056.3	17
3056.64	20
3056.98	18
3057.32	22
3057.66	29
3058	19
3058.34	25
3058.68	14
3059.02	17
3059.36	28
3059.7	18
3060.04	13
3060.38	24
3060.72	20
3061.05	24
3061.39	23
3061.73	25
3062.07	16
3062.41	20
3062.75	24
3063.09	14
3063.43	16
3063.77	19
3064.11	27
3064.45	16
3064.79	19
3065.13	21
3065.47	25
3065.8	23
3066.14	19
3066.48	27
3066.82	21
3067.16	22
3067.5	21
3067.84	15
3068.18	29
3068.52	17
3068.85	17
3069.19	20
3069.53	29
3069.87	15
3070.21	17
3070.55	17
3070.89	16
3071.23	17
3071.57	17
3071.9	23
3072.24	23
3072.58	17
3072.92	20
3073.26	29
3073.6	21
3073.94	21
3074.27	27
3074.61	20
3074.95	25
3075.29	21
3075.63	18
3075.97	22
3076.3	20
3076.64	23
3076.98	20
3077.32	19
3077.66	18
3078	19
3078.33	23
3078.67	19
3079.01	25
3079.35	18
3079.69	20
3080.02	21
3080.36	18
3080.7	22
3081.04	23
3081.38	20
3081.71	16
3082.05	24
3082.39	22
3082.73	26
3083.07	25
3083.4	24
3083.74	20
3084.08	21
3084.42	24
3084.76	23
3085.09	17
3085.43	22
3085.77	19
3086.11	26
3086.44	17
3086.78	15
3087.12	27
3087.46	28
3087.79	22
3088.13	27
3088.47	17
3088.81	14
3089.14	29
3089.48	17
3089.82	20
3090.16	17
3090.49	23
3090.83	18
3091.17	17
3091.51	21
3091.84	22
3092.18	17
3092.52	21
3092.85	15
3093.19	19
3093.53	23
3093.86	15
3094.2	18
3094.54	18
3094.88	21
3095.21	14
3095.55	20
3095.89	18
3096.22	24
3096.56	19
3096.9	22
3097.23	19
3097.57	18
3097.91	25
3098.25	18
3098.58	19
3098.92	20
3099.26	22
3099.59	17
3099.93	11
3100.27	21
3100.6	23
3100.94	18
3101.27	13
3101.61	22
3101.95	19
3102.28	23
3102.62	20
3102.96	18
3103.29	20
3103.63	18
3103.97	13
3104.3	23
3104.64	26
3104.98	18
3105.31	23
3105.65	13
3105.98	23
3106.32	20
3106.66	21
3106.99	11
3107.33	25
3107.66	21
3108	24
3108.34	18
3108.67	20
3109.01	20
3109.35	22
3109.68	19
3110.02	20
3110.35	27
3110.69	19
3111.03	24
3111.36	13
3111.7	15
3112.03	17
3112.37	13
3112.7	17
3113.04	18
3113.37	17
3113.71	22
3114.05	24
3114.38	19
3114.72	26
3115.05	24
3115.39	14
3115.72	20
3116.06	19
3116.4	19
3116.73	23
3117.07	14
3117.4	23
3117.74	21
3118.07	17
3118.41	19
3118.74	20
3119.08	20
3119.41	15
3119.75	15
3120.08	24
3120.42	23
3120.75	22
3121.09	19
3121.42	19
3121.76	16
3122.1	22
3122.43	25
3122.77	18
3123.1	15
3123.43	24
3123.77	21
3124.1	17
3124.44	17
3124.77	22
3125.11	16
3125.44	21
3125.78	19
3126.11	16
3126.45	13
3126.78	16
3127.12	23
3127.45	16
3127.79	21
3128.12	14
3128.46	17
3128.79	23
3129.13	19
3129.46	22
3129.79	18
3130.13	26
3130.46	21
3130.8	21
3131.13	20
3131.47	24
3131.8	17
3132.14	21
3132.47	27
3132.8	20
3133.14	15
3133.47	28
3133.81	22
3134.14	22
3134.48	16
3134.81	23
3135.14	27
3135.48	20
3135.81	16
3136.15	20
3136.48	17
3136.81	21
3137.15	20
3137.48	22
3137.82	12
3138.15	19
3138.48	16
3138.82	22
3139.15	23
3139.49	22
3139.82	23
3140.15	22
3140.49	15
3140.82	26
3141.15	10
3141.49	23
3141.82	16
3142.16	16
3142.49	17
3142.82	20
3143.16	20
3143.49	22
3143.82	18
3144.16	17
3144.49	20
3144.82	25
3145.16	20
3145.49	19
3145.82	25
3146.16	21
3146.49	19
3146.82	17
3147.16	21
3147.49	15
3147.82	9
3148.16	22
3148.49	22
3148.82	23
3149.16	16
3149.49	19
3149.82	17
3150.16	26
3150.49	20
3150.82	15
3151.15	14
3151.49	20
3151.82	23
3152.15	21
3152.49	21
3152.82	24
3153.15	19
3153.48	21
3153.82	24
3154.15	20
3154.48	21
3154.82	16
3155.15	18
3155.48	21
3155.81	19
3156.15	18
3156.48	24
3156.81	13
3157.14	21
3157.48	27
3157.81	19
3158.14	16
3158.47	15
3158.81	24
3159.14	17
3159.47	18
3159.8	21
3160.14	20
3160.47	24
3160.8	23
3161.13	30
3161.46	16
3161.8	26
3162.13	20
3162.46	20
3162.79	17
3163.13	19
3163.46	15
3163.79	13
3164.12	22
3164.45	21
3164.79	17
3165.12	22
3165.45	16
3165.78	9
3166.11	16
3166.45	20
3166.78	20
3167.11	20
3167.44	20
3167.77	24
3168.1	20
3168.44	19
3168.77	23
3169.1	17
3169.43	24
3169.76	20
3170.09	22
3170.43	25
3170.76	22
3171.09	23
3171.42	16
3171.75	19
3172.08	19
3172.42	23
3172.75	21
3173.08	18
3173.41	17
3173.74	20
3174.07	25
3174.4	26
3174.74	20
3175.07	16
3175.4	17
3175.73	23
3176.06	22
3176.39	21
3176.72	24
3177.05	24
3177.39	20
3177.72	24
3178.05	28
3178.38	20
3178.71	26
3179.04	18
3179.37	19
3179.7	21
3180.03	20
3180.36	12
3180.7	22
3181.03	20
3181.36	20
3181.69	18
3182.02	23
3182.35	16
3182.68	18
3183.01	17
3183.34	22
3183.67	19
3184	25
3184.33	13
3184.66	17
3184.99	15
3185.32	16
3185.65	20
3185.99	22
3186.32	19
3186.65	18
3186.98	20
3187.31	16
3187.64	21
3187.97	20
3188.3	18
3188.63	24
3188.96	18
3189.29	16
3189.62	18
3189.95	18
3190.28	23
3190.61	15
3190.94	16
3191.27	25
3191.6	15
3191.93	17
3192.26	21
3192.59	21
3192.92	21
3193.25	21
3193.58	26
3193.91	19
3194.24	18
3194.57	19
3194.9	18
3195.23	18
3195.56	20
3195.89	18
3196.22	20
3196.55	27
3196.88	19
3197.21	14
3197.54	24
3197.87	17
3198.2	20
3198.53	23
3198.86	21
3199.19	22
3199.51	17
3199.84	22
3200.17	20
3200.5	15
3200.83	20
3201.16	17
3201.49	21
3201.82	20
3202.15	22
3202.48	19
3202.81	20
3203.14	22
3203.47	21
3203.8	20.1071
3204.13	19.8679
3204.46	16.1734
3204.78	20.1648
3205.11	18.3473
3205.44	20.9785
3205.77	20.2344
3206.1	17.101
3206.43	18.6484
3206.76	17.4696
3207.09	23.4643
3207.42	22.7716
3207.75	23.2313
3208.07	11.6888
3208.4	17.8935
3208.73	20.7237
3209.06	22.908
3209.39	21.3214
3209.72	19.3808
3210.05	22.8404
3210.38	23.4939
3210.71	20.5407
3211.03	22.7092
3211.36	26.1495
3211.69	25.1289
3212.02	21.9367
3212.35	17.3388
3212.68	22.1297
3213.01	17.2524
3213.33	18.5277
3213.66	21.0151
3213.99	23.1329
3214.32	23.437
3214.65	21.3853
3214.97	20.6198
3215.3	24.1165
3215.63	15.6071
3215.96	18.861
3216.29	21.4714
3216.62	21.3667
3216.95	24.5122
3217.27	23.1173
3217.6	22.9656
3217.93	20.5305
3218.26	25.1423
3218.59	23.9637
3218.91	16.7186
3219.24	14.7497
3219.57	20.8562
3219.9	24.2449
3220.23	19.1114
3220.55	22.6507
3220.88	18.7656
3221.21	25.2841
3221.54	22.1203
3221.87	17.033
3222.19	22.9071
3222.52	18.0898
3222.85	17.8461
3223.18	20.0405
3223.51	22.3214
3223.83	25.3594
3224.16	21.5011
3224.49	27.0084
3224.82	20.0004
3225.14	18.1799
3225.47	21.2675
3225.8	24.6198
3226.13	18.63
3226.45	20.3074
3226.78	24.2971
3227.11	20.378
3227.44	20.3418
3227.76	23.88
3228.09	23.0997
3228.42	23.3112
3228.75	21.092
3229.07	20.7634
3229.4	20.2046
3229.73	18.7301
3230.06	20.4185
3230.38	23.9788
3230.71	25.3112
3231.04	24.1122
3231.37	22.3027
3231.69	19.0582
3232.02	21.13
3232.35	24.0119
3232.67	23.0571
3233	21.0971
3233.33	23.1002
3233.66	25.3422
3233.98	22.8799
3234.31	22.101
3234.64	23.2494
3234.96	22.8936
3235.29	20.9192
3235.62	20.9718
3235.79	22
3236.12	23
3236.45	27
3236.79	18
3237.12	24
3237.45	17
3237.78	20
3238.11	20
3238.44	16
3238.78	27
3239.11	19
3239.44	20
3239.77	15
3240.1	26
3240.43	16
3240.76	24
3241.09	23
3241.42	21
3241.76	28
3242.09	23
3242.42	17
3242.75	18
3243.08	21
3243.41	17
3243.74	20
3244.07	27
3244.41	25
3244.74	26
3245.07	30
3245.4	20
3245.73	16
3246.06	12
3246.39	20
3246.72	23
3247.05	22
3247.38	20
3247.71	22
3248.04	21
3248.37	19
3248.71	26
3249.04	23
3249.37	13
3249.7	14
3250.03	22
3250.36	21
3250.69	20
3251.02	26
3251.35	19
3251.68	23
3252.01	28
3252.34	16
3252.67	24
3253	20
3253.33	26
3253.66	26
3253.99	17
3254.32	22
3254.65	23
3254.99	18
3255.32	24
3255.65	25
3255.98	19
3256.31	13
3256.64	24
3256.97	25
3257.3	14
3257.63	18
3257.96	19
3258.29	22
3258.62	19
3258.95	26
3259.28	18
3259.61	12
3259.94	20
3260.27	11
3260.6	11
3260.93	14
3261.26	17
3261.59	14
3261.91	11
3262.25	16
3262.58	24
3262.91	19
3263.23	22
3263.56	15
3263.89	22
3264.22	14
3264.55	20
3264.88	16
3265.21	22
3265.54	18
3265.87	23
3266.2	20
3266.53	19
3266.86	16
3267.19	26
3267.52	15
3267.85	22
3268.18	15
3268.51	24
3268.84	19
3269.16	20
3269.49	24
3269.82	16
3270.15	24
3270.48	27
3270.81	26
3271.14	23
3271.47	18
3271.8	23
3272.13	25
3272.46	20
3272.78	12
3273.11	20
3273.44	22
3273.77	17
3274.1	19
3274.43	13
3274.76	16
3275.09	16
3275.42	20
3275.75	19
3276.07	16
3276.4	13
3276.73	17
3277.06	16
3277.39	17
3277.72	21
3278.05	19
3278.38	15
3278.7	14
3279.03	21
3279.36	14
3279.69	14
3280.02	17
3280.35	16
3280.67	22
3281	21
3281.33	18
3281.66	18
3281.99	20
3282.32	13
3282.65	17
3282.97	23
3283.3	13
3283.63	19
3283.96	17
3284.29	22
3284.61	23
3284.94	26
3285.27	16
3285.6	16
3285.93	18
3286.26	25
3286.58	20
3286.91	23
3287.24	14
3287.57	18
3287.9	17
3288.22	16
3288.55	15
3288.88	19
3289.21	15
3289.53	10
3289.86	12
3290.19	13
3290.52	18
3290.85	17
3291.17	13
3291.5	8
3291.83	21
3292.16	14
3292.48	19
3292.81	17
3293.14	19
3293.47	10
3293.79	19
3294.12	23
3294.45	17
3294.78	18
3295.11	22
3295.43	17
3295.76	16
3296.09	23
3296.42	16
3296.74	12
3297.07	17
3297.4	21
3297.72	18
3298.05	20
3298.38	14
3298.7	24
3299.03	17
3299.36	21
3299.69	27
3300.01	19
3300.34	16
3300.67	18
3301	21
3301.32	20
3301.65	20
3301.98	17
3302.3	18
3302.63	19
3302.96	16
3303.28	21
3303.61	22
3303.94	12
3304.26	24
3304.59	18
3304.92	12
3305.24	17
3305.57	14
3305.9	12
3306.22	18
3306.55	22
3306.88	17
3307.2	14
3307.53	22
3307.86	19
3308.18	14
3308.51	25
3308.84	16
3309.16	15
3309.49	17
3309.82	16
3310.14	21
3310.47	13
3310.8	16
3311.12	18
3311.45	14
3311.77	18
3312.1	11
3312.43	13
3312.75	15
3313.08	14
3313.41	18
3313.73	20
3314.06	20
3314.38	16
3314.71	27
3315.04	16
3315.36	16
3315.69	20
3316.01	14
3316.34	19
3316.67	12
3316.99	17
3317.32	23
3317.64	22
3317.97	17
3318.29	13
3318.62	19
3318.95	18
3319.27	23
3319.6	16
3319.92	12
3320.25	13
3320.58	17
3320.9	15
3321.23	21
3321.55	29
3321.88	14
3322.2	12
3322.53	21
3322.85	18
3323.18	20
3323.5	18
3323.83	16
3324.16	19
3324.48	23
3324.81	13
3325.13	13
3325.46	18
3325.78	14
3326.11	15
3326.43	17
3326.76	19
3327.08	22
3327.41	14
3327.74	7
3328.06	22
3328.38	22
3328.71	17
3329.04	21
3329.36	22
3329.68	11
3330.01	15
3330.33	17
3330.66	22
3330.98	21
3331.31	8
3331.63	14
3331.96	12
3332.28	21
3332.61	19
3332.93	23
3333.26	14
3333.58	15
3333.91	19
3334.23	14
3334.56	19
3334.88	14
3335.21	17
3335.53	18
3335.86	12
3336.18	17
3336.5	14
3336.83	17
3337.15	20
3337.48	16
3337.8	17
3338.13	22
3338.45	20
3338.78	19
3339.1	23
3339.43	17
3339.75	18
3340.07	19
3340.4	20
3340.72	15
3341.05	21
3341.37	20
3341.7	15
3342.02	18
3342.34	18
3342.67	20
3342.99	24
3343.31	19
3343.64	23
3343.96	20
3344.29	16
3344.61	18
3344.94	17
3345.26	10
3345.58	17
3345.91	13
3346.23	21
3346.55	14
3346.88	23
3347.2	23
3347.53	12
3347.85	16
3348.17	14
3348.5	21
3348.82	16
3349.14	13
3349.47	11
3349.79	17
3350.12	5
3350.44	16
3350.76	13
3351.09	18
3351.41	19
3351.73	19
3352.06	11
3352.38	16
3352.7	13
3353.03	18
3353.35	20
3353.67	20
3354	16
3354.32	18
3354.64	13
3354.97	23
3355.29	9
3355.61	17
3355.94	18
3356.26	12
3356.58	1
3356.91	22
3357.23	19
3357.55	21
3357.87	13
3358.2	21
3358.52	17
3358.84	15
3359.17	22
3359.49	20
3359.81	18
3360.13	20
3360.46	15
3360.78	19
3361.1	23
3361.43	22
3361.75	15
3362.07	25
3362.39	14
3362.72	13
3363.04	18
3363.36	21
3363.69	18
3364.01	15
3364.33	19
3364.65	14
3364.98	17
3365.3	18
3365.62	13
3365.94	16
3366.26	16
3366.59	16
3366.91	17
3367.23	25
3367.55	16
3367.88	13
3368.2	11
3368.52	20
3368.84	18
3369.17	19
3369.49	13
3369.81	9
3370.13	17
3370.46	15
3370.78	18
3371.1	18
3371.42	18
3371.74	20
3372.06	16
3372.39	17
3372.71	16
3373.03	15
3373.35	19
3373.68	19
3374	13
3374.32	18
3374.64	13
3374.96	15
3375.28	17
3375.61	19
3375.93	14
3376.25	18
3376.57	14
3376.89	13
3377.22	22
3377.54	16
3377.86	21
3378.18	19
3378.5	14
3378.82	25
3379.14	9
3379.47	20
3379.79	27
3380.11	16
3380.43	11
3380.75	22
3381.07	21
3381.39	24
3381.72	19
3382.04	23
3382.36	11
3382.68	18
3383	14
3383.32	22
3383.64	17
3383.97	21
3384.29	17
3384.61	19
3384.93	17
3385.25	21
3385.57	20
3385.89	23
3386.21	11
3386.53	15
3386.85	21
3387.17	12
3387.5	12
3387.82	22
3388.14	15
3388.46	16
3388.78	18
3389.1	12
3389.42	7
3389.74	14
3390.06	13
3390.38	19
3390.7	11
3391.03	12
3391.35	16
3391.67	21
3391.99	19
3392.31	16
3392.63	18
3392.95	14
3393.27	20
3393.59	14
3393.91	25
3394.23	16
3394.55	16
3394.87	21
3395.19	16
3395.51	17
3395.83	20
3396.15	19
3396.47	17
3396.79	16
3397.11	25
3397.43	15
3397.75	20
3398.07	15
3398.4	16
3398.71	22
3399.04	14
3399.35	24
3399.67	13
3400	20
